8.935560152475745532e-01,7.255012459965821563e+02,9.414393164607993691e-01,9.888429052072005287e-01,4.895825663708659459e-01,2.845102925476792777e+00
8.842664504651489565e-01,7.909950167468979316e+02,9.409652949881693873e-01,9.878357116115569214e-01,5.195012301313973735e-01,3.101941242144698130e+00
9.019329055191132039e-01,6.914114284136103379e+02,9.395841740982211476e-01,9.893671542396333951e-01,4.609500847404065516e-01,2.711417366327883549e+00
9.013675127521965091e-01,7.065730535763866555e+02,9.385357359593241577e-01,9.891339917329009523e-01,4.625269655742293429e-01,2.770874719907398642e+00
9.098438784611474484e-01,5.795268989105228457e+02,9.454404259752234863e-01,9.910877664486432703e-01,4.354703759822219911e-01,2.272654505531462199e+00
8.835950839048277716e-01,7.654236803874564430e+02,9.433059395397781488e-01,9.882289594871673799e-01,5.224895345501306965e-01,3.001661491715515773e+00
9.063250929620704222e-01,6.123770867632049431e+02,9.443557516883512859e-01,9.905825810173900514e-01,4.474149199089444418e-01,2.401478771620411568e+00
8.985852792386179733e-01,6.803501169741006152e+02,9.425718240466559594e-01,9.895372602193877043e-01,4.732378972193529987e-01,2.668039674408237527e+00
9.173513815105682756e-01,5.461045742592455099e+02,9.440624938449481141e-01,9.916017504650562753e-01,4.082440343171369057e-01,2.141586565722531699e+00
9.089891124345289564e-01,6.033341468076287128e+02,9.436116756339537615e-01,9.907216475439419856e-01,4.379019865304945025e-01,2.366016261990700809e+00
8.968413458979309638e-01,7.034739792506618414e+02,9.415133568532032537e-01,9.891816507358492938e-01,4.787197377518678243e-01,2.758721487257497440e+00
8.889716372657120447e-01,7.344329371302093250e+02,9.431180034998930539e-01,9.887055495166516828e-01,5.051507631710564494e-01,2.880129165216507303e+00
9.038988145180590905e-01,6.809540391503956016e+02,9.393283860815861974e-01,9.895279728239412265e-01,4.541671103907162221e-01,2.670407996668217709e+00
9.062987573503491490e-01,6.210227094975344926e+02,9.435425714304589428e-01,9.904496246194209874e-01,4.472481721765735885e-01,2.435383174500135084e+00
9.134479196028064685e-01,5.906199957277323165e+02,9.420035306460895486e-01,9.909171716586022693e-01,4.216650240260177429e-01,2.316156845991107271e+00
9.313602422570878003e-01,5.880616901812393280e+02,9.268352230439697026e-01,9.909565144683474269e-01,3.516965267640522197e-01,2.306124275220546416e+00
9.621488328423767333e-01,3.969806064703525408e+02,9.104856257889440974e-01,9.938950480350881023e-01,2.208437540311225522e-01,1.556786692040598385e+00
9.648380749150325952e-01,4.163446702045823145e+02,8.979230961746391682e-01,9.935972584780767836e-01,2.066730299021142525e-01,1.632724196880714906e+00
9.841882265001492547e-01,1.866369383128383674e+02,8.993335175049128605e-01,9.971298105632695474e-01,1.092932288097664822e-01,7.319095620111308875e-01
9.317821069771757836e-01,6.204952566964286689e+02,9.219949988995385093e-01,9.904577360333338687e-01,3.488816372043625491e-01,2.433314732142856762e+00
9.651479003377679833e-01,4.041905715681484708e+02,9.002455146790431240e-01,9.937841698463976137e-01,2.055830568231861444e-01,1.585061064973131373e+00
9.404350069444656901e-01,4.946686363545516087e+02,9.295826704473595381e-01,9.923927561843792766e-01,3.168339299758974881e-01,1.939877005311966940e+00
9.079329010024381752e-01,6.685161113690201091e+02,9.378731853963628851e-01,9.897192490485495764e-01,4.399860873496324043e-01,2.621631809290275061e+00
9.564999232819914043e-01,4.432792564056775291e+02,9.129781361129675199e-01,9.931830459138547562e-01,2.463840030948550863e-01,1.738350025120304121e+00
9.708866298367375691e-01,3.406542417950881259e+02,8.995774826544207237e-01,9.947612610064422434e-01,1.784559589757329368e-01,1.335898987431718199e+00
9.041521182719097771e-01,7.316736330371641088e+02,9.343449163035606464e-01,9.887479833753088920e-01,4.518900474452964278e-01,2.869308364851623772e+00
9.101055392431636193e-01,7.205656766366869306e+02,9.310643296278502401e-01,9.889188066829162072e-01,4.303545023142675285e-01,2.825747751516419548e+00
9.311954420488166573e-01,6.499682575310891934e+02,9.187207319859331811e-01,9.900044865510552183e-01,3.503119405410523579e-01,2.548895127572898822e+00
9.543021741419192017e-01,5.033703047005993767e+02,9.051629242147418708e-01,9.922589378909882907e-01,2.544969786487469854e-01,1.974001194904311252e+00
9.338012878469625910e-01,6.555412666061356504e+02,9.145902723952501479e-01,9.899187822316283247e-01,3.393762070104210382e-01,2.570750065122100914e+00
9.565907208615418433e-01,5.239076038056517746e+02,8.952846475413015481e-01,9.919431057760641490e-01,2.429347574066748616e-01,2.054539622767261875e+00
9.313497464036385454e-01,6.649225743273702847e+02,9.165025621174132109e-01,9.897745121285737024e-01,3.491833809950780632e-01,2.607539507166158010e+00
9.293226530761234949e-01,6.193155390914516829e+02,9.249619508618189823e-01,9.904758782780511694e-01,3.589674873965193469e-01,2.428688388593927883e+00
9.370729871243248521e-01,5.546804856681496858e+02,9.248015545275747318e-01,9.914698661201957197e-01,3.290732179104125521e-01,2.175217590855488936e+00
9.192698703871969856e-01,6.577742666568396999e+02,9.302025338245712982e-01,9.898844421207388944e-01,3.975539160632494684e-01,2.579506928066038096e+00
9.428743097498847314e-01,5.170284129140162577e+02,9.228785442298238495e-01,9.920488971655335719e-01,3.055370505390044844e-01,2.027562403584378004e+00
9.464670870985838480e-01,4.874741642787721503e+02,9.225221709568633965e-01,9.925033961141885852e-01,2.907592395181690104e-01,1.911663389328518203e+00
9.396157999504070046e-01,5.700070511179501409e+02,9.191577700423149144e-01,9.912341670851974040e-01,3.177525639236614685e-01,2.235321769090000465e+00
9.172737204821065360e-01,7.304608049665177987e+02,9.238412348931124285e-01,9.887666348081303180e-01,4.029550138159731509e-01,2.864552176339285605e+00
9.289733023325726924e-01,6.300559006211179849e+02,9.239525217494733988e-01,9.903107080149307073e-01,3.600454974413564435e-01,2.470807453416148824e+00
9.696860933012928507e-01,3.433191734562607280e+02,9.030463149872355322e-01,9.947202784508309970e-01,1.846722116698124860e-01,1.346349699828473412e+00
9.427383008294663025e-01,5.111302161503001571e+02,9.240133610155827348e-01,9.921396023721235080e-01,3.061401399482571728e-01,2.004432220197255532e+00
9.651555833112795968e-01,3.728191320436299065e+02,9.086649846492358407e-01,9.942666143997227479e-01,2.067968431101242788e-01,1.462035811935803675e+00
9.665794739831581328e-01,3.887600491890186731e+02,8.999916334377652261e-01,9.940214675792909960e-01,1.989256845403212237e-01,1.524549212505955653e+00
9.176311017674976256e-01,6.907410400809390012e+02,9.279540089868770769e-01,9.893774637824724882e-01,4.028247571540152228e-01,2.708788392474271056e+00
9.253971371448921346e-01,6.584770123370099100e+02,9.242118596100327155e-01,9.898736349715958616e-01,3.734817447038832894e-01,2.582262793478470542e+00
9.397927376320676096e-01,5.701788568229013663e+02,9.188826909001734933e-01,9.912315249773491210e-01,3.169312097149039609e-01,2.235995516952554496e+00
9.802324583350828791e-01,2.579018751454790959e+02,8.873043366411583754e-01,9.960338652977964724e-01,1.299095325777806231e-01,1.011379902531290620e+00
9.416723351709002099e-01,6.060515298445229746e+02,9.103989304878447042e-01,9.906798583667375535e-01,3.075877860994853941e-01,2.376672666056952821e+00
8.925112349956381141e-01,8.547468801032237025e+02,9.309803795837403584e-01,9.868553058760615171e-01,4.895772216417308420e-01,3.351948549424407009e+00
8.988380501297472680e-01,7.555309322942536028e+02,9.356661525362748311e-01,9.883810947575699668e-01,4.702505631399330199e-01,2.962866401153935847e+00
9.274043072958013667e-01,6.417156408136933123e+02,9.241739458050189926e-01,9.901313991201412534e-01,3.659329825966905481e-01,2.516531924759581429e+00
9.106797170723670565e-01,7.156657856971359024e+02,9.311166804886745751e-01,9.889941594793292268e-01,4.283332353136176662e-01,2.806532492929944667e+00
9.393400895417883811e-01,5.806665486033090247e+02,9.179162287961561972e-01,9.910702403868714150e-01,3.185076794636668152e-01,2.277123720012976804e+00
9.353912523658471923e-01,5.627004175135765536e+02,9.256975126523893094e-01,9.913465318870363641e-01,3.358130284787952946e-01,2.206668303974809842e+00
9.173127505067389942e-01,7.483504387741448909e+02,9.217955253830641960e-01,9.884915197186641134e-01,4.021924873023737246e-01,2.934707603035862533e+00
9.130210794675671648e-01,7.274048497922512979e+02,9.279826067840343251e-01,9.888136307047604712e-01,4.191888012271514641e-01,2.852568038400985717e+00
9.190860586301636825e-01,6.710930956304033543e+02,9.288566343876479836e-01,9.896796189888598105e-01,3.977936054482343331e-01,2.631737629923150745e+00
9.327119818002692631e-01,6.402855010254558010e+02,9.181473239584536650e-01,9.901533924733882941e-01,3.443435296830992809e-01,2.510923533433159882e+00
9.754432049763694934e-01,2.878454269616997863e+02,8.996294501933326249e-01,9.955733794641882239e-01,1.558796413860782937e-01,1.128805595928234595e+00
9.224774234532497896e-01,6.585793724833259830e+02,9.271411899368223741e-01,9.898720608297707502e-01,3.849712023748396716e-01,2.582664205816964653e+00
9.209519740574536595e-01,6.840239428823832668e+02,9.256257454786247507e-01,9.894807624199184470e-01,3.901312341278012630e-01,2.682446834832875382e+00
9.198903986805887500e-01,6.851859314603260600e+02,9.265057477558076293e-01,9.894628928204052265e-01,3.942281766209912441e-01,2.687003652785592500e+00
9.086759274545386234e-01,7.744802844883992066e+02,9.267223886686217771e-01,9.880896828270475662e-01,4.339769859095773952e-01,3.037177586229016679e+00
9.031578734898204619e-01,8.181591371874834522e+02,9.267972884809585477e-01,9.874179691632964939e-01,4.528705496848916545e-01,3.208467204656797911e+00
9.098201741854906599e-01,7.359558939427540736e+02,9.297178664407050874e-01,9.886821287801379476e-01,4.309108449282060826e-01,2.886101544873545421e+00
9.173198128819006758e-01,7.309206101050015150e+02,9.237460057323215734e-01,9.887595637113615332e-01,4.027143070906020195e-01,2.866355333745103984e+00
9.306038138995570419e-01,6.048895412665799540e+02,9.254379145890151426e-01,9.906977279662507740e-01,3.541795638947587976e-01,2.372115848104235258e+00
9.269043728237992275e-01,6.716293980509924495e+02,9.209286580278425172e-01,9.896713714813921703e-01,3.669652787963914586e-01,2.633840776670558270e+00
9.396058689606955339e-01,5.734115686358962876e+02,9.186503273651710488e-01,9.911818108351136969e-01,3.176206647437793129e-01,2.248672818179985100e+00
9.415940066640101636e-01,4.844002641075785505e+02,9.297268735377675064e-01,9.925506679773079544e-01,3.120225145262611188e-01,1.899608878853249028e+00
9.157631167153238438e-01,6.714208359985410652e+02,9.316905824714016848e-01,9.896745788454073267e-01,4.105414247829680674e-01,2.633022886268788554e+00
9.350964096043226093e-01,5.770018153959506435e+02,9.240278662317559233e-01,9.911265983545667346e-01,3.365622883026103129e-01,2.262752217239021757e+00
9.161192358636753852e-01,7.200455887986130392e+02,9.260665647194381567e-01,9.889268048350103868e-01,4.076578728924575290e-01,2.823708191367109599e+00
9.193254059230061559e-01,7.017815119196644673e+02,9.251378382451059812e-01,9.892076782837686544e-01,3.958936194131422170e-01,2.752084360469272628e+00
9.021821037938386745e-01,8.579646946267579324e+02,9.237526811538033789e-01,9.868058208312557866e-01,4.552062256860895939e-01,3.364567429908854379e+00
8.872959007788999708e-01,9.968670215593160719e+02,9.224205184212019848e-01,9.846697163971439570e-01,5.034485986520182976e-01,3.909282437487513917e+00
9.400859618960666353e-01,5.007574879355437929e+02,9.290862418068668305e-01,9.922991189995455930e-01,3.180675633795935209e-01,1.963754854649191417e+00
9.038816222743180084e-01,8.141666636119873601e+02,9.266217265793165181e-01,9.874793672744441864e-01,4.503639508533377467e-01,3.192810445537205055e+00
9.094306875252728961e-01,7.682830120727038548e+02,9.267322010453999948e-01,9.881849873577845944e-01,4.312577420839366349e-01,3.012874557147858123e+00
9.587365016803379714e-01,4.192693145849332268e+02,9.133568423621315491e-01,9.935522819397635264e-01,2.365482249376018309e-01,1.644193390529149923e+00
9.284969564507332684e-01,6.630187647426463400e+02,9.202168453404968584e-01,9.898037897957333575e-01,3.608268862941578781e-01,2.600073587226063854e+00
9.121490153273916768e-01,7.092301566500675563e+02,9.306150838141902248e-01,9.890931295689406877e-01,4.230331254255173534e-01,2.781294731961049038e+00
9.144789303232789823e-01,6.945712238206341453e+02,9.302588897732499973e-01,9.893185614397219663e-01,4.146987314943721414e-01,2.723808720865231958e+00
9.291421562458224148e-01,6.712122739460897947e+02,9.183866895345877968e-01,9.896777862094225942e-01,3.579419103636677368e-01,2.632204995867018837e+00
9.129431101045855090e-01,7.533857226118975632e+02,9.252910263925080425e-01,9.884140847874405278e-01,4.186764492382666347e-01,2.954453814164303971e+00
9.156903763097946625e-01,6.955246503461257817e+02,9.291306145452281617e-01,9.893038992042240132e-01,4.100634697652440486e-01,2.727547648416179360e+00
9.041113455808421628e-01,7.680744500202524705e+02,9.308878316240938311e-01,9.881881947217996398e-01,4.508139171089043384e-01,3.012056666746087963e+00
9.126556966345619193e-01,7.286264275280374250e+02,9.281616798884374520e-01,9.887948447155286980e-01,4.205274461828955590e-01,2.857358539325637103e+00
9.048167151868680147e-01,7.967666295217654806e+02,9.275828999138882036e-01,9.877469530722823299e-01,4.474846530553286961e-01,3.124575017732413862e+00
9.505419651809852155e-01,4.673875595433376589e+02,9.195398451531127115e-01,9.928122972419749503e-01,2.731036956746367150e-01,1.832892390366030133e+00
9.278514295759834329e-01,6.832194892514997946e+02,9.183571996088457645e-01,9.894931336811199074e-01,3.627734897884983822e-01,2.679292114711763872e+00
9.269172773698786116e-01,6.529481970671412228e+02,9.232792552777802086e-01,9.899586596581806397e-01,3.675229863890733806e-01,2.560581164969181422e+00
9.392176086104483401e-01,6.241666338288633824e+02,9.114197375605795903e-01,9.904012758922760007e-01,3.175366039364853621e-01,2.447712289524954787e+00
9.247001645483534649e-01,6.734766619441322746e+02,9.230975617355745566e-01,9.896429634001148168e-01,3.757095215105257235e-01,2.641084948800518806e+00
9.316154778677508963e-01,6.089713985788411037e+02,9.237456365552102477e-01,9.906349552705251416e-01,3.499028148314314302e-01,2.388123131681729738e+00
9.335301087138693221e-01,5.789980521836986327e+02,9.256099268537518743e-01,9.910958992989926664e-01,3.430090833149810892e-01,2.270580596798818185e+00
9.364817569996897184e-01,5.687487170346638550e+02,9.234979618457149764e-01,9.912535183305959396e-01,3.310353875969365145e-01,2.230387125626132949e+00
9.223611705780702108e-01,6.452016065475219193e+02,9.288341846398037172e-01,9.900777903216018139e-01,3.858569075703454088e-01,2.530202378617733228e+00
9.273718202747863737e-01,6.135299691538476736e+02,9.277737478667741344e-01,9.905648514570501995e-01,3.669849007621424075e-01,2.405999879034697031e+00
9.216216975876835305e-01,6.769626276779611089e+02,9.258019429806887413e-01,9.895893546015752662e-01,3.877385311353011565e-01,2.654755402658670604e+00
9.153982888033389553e-01,7.826737936918426612e+02,9.198391101838814254e-01,9.879636792407369139e-01,4.084493025734994842e-01,3.069308994869971219e+00
9.099130235520048737e-01,7.423766257003616147e+02,9.289876421043322674e-01,9.885833877879561804e-01,4.303685337140077949e-01,2.911280885099457372e+00
9.108043337049057664e-01,7.041948728123149976e+02,9.321977434718580202e-01,9.891705645001642733e-01,4.281125385197779853e-01,2.761548520832607601e+00
9.189646363421811737e-01,6.452611957053651395e+02,9.318826616413639075e-01,9.900768739318832612e-01,3.990816979558432509e-01,2.530436061589667496e+00
9.169745179468462570e-01,6.615886249544089424e+02,9.317554069523971139e-01,9.898257831489802872e-01,4.062219843815847442e-01,2.594465195899642751e+00
9.161387919211833042e-01,7.432555657785491121e+02,9.234868460484598751e-01,9.885698710396064737e-01,4.068550412917888992e-01,2.914727708935486827e+00
9.219508317664210084e-01,7.053270668113362944e+02,9.221193036648727137e-01,9.891531530955105511e-01,3.855405492799862666e-01,2.765988497299357807e+00
9.334592221539026458e-01,5.927631476454837411e+02,9.237932903400565277e-01,9.908842132739905662e-01,3.428415218865922265e-01,2.324561363315622131e+00
9.272024890905321559e-01,6.491642855440965150e+02,9.234479173083371961e-01,9.900168504053135088e-01,3.665009979936295625e-01,2.545742296251359171e+00
9.411948622883036242e-01,5.258445233875416989e+02,9.238034223442228576e-01,9.919133189280050500e-01,3.124362679258059772e-01,2.062135385833496759e+00
9.179577209370590740e-01,6.774095463617852602e+02,9.291528720349551129e-01,9.895824816786856770e-01,4.019479632243109224e-01,2.656508024948177393e+00
9.290428932141692187e-01,5.925545855930324706e+02,9.287231423530375451e-01,9.908874206380058336e-01,3.609328446760641795e-01,2.323743472913852859e+00
9.091734567686921009e-01,7.172448983799812368e+02,9.321191754575620658e-01,9.889698751517856934e-01,4.338864301235487719e-01,2.812725091686201218e+00
9.318464229803914423e-01,7.206414803770452409e+02,9.081831270905172948e-01,9.889176409378241939e-01,3.452380510401207303e-01,2.826045021086451836e+00
9.172313393947694182e-01,7.363432234687351183e+02,9.232223695813204234e-01,9.886761722469669111e-01,4.028835843595833799e-01,2.887620484191117942e+00
9.144028072532052187e-01,7.422127555162927592e+02,9.251933145794720703e-01,9.885859078596823668e-01,4.135014818374572743e-01,2.910638256926638245e+00
9.452348923433007144e-01,5.638177142231370453e+02,9.114642506719758952e-01,9.913293495798122246e-01,2.934673504800675015e-01,2.211049859698576814e+00
9.461062646066913384e-01,5.454791508968844482e+02,9.131279464231414345e-01,9.916113685157186275e-01,2.902528513904834573e-01,2.139133925085821009e+00
9.018308394563797625e-01,7.988522500462783000e+02,9.296240031332908549e-01,9.877148794321305436e-01,4.582455133805219960e-01,3.132753921750111026e+00
9.006144895975248810e-01,7.846104413217475440e+02,9.318184164488756416e-01,9.879338965748816204e-01,4.630424233933991829e-01,3.076903691457833379e+00
9.270065390116790649e-01,6.317344568749530254e+02,9.258592589229073244e-01,9.902848943980107066e-01,3.678570328728688610e-01,2.477390026960600178e+00
9.340642122008756543e-01,6.428776293916361055e+02,9.160266002268534491e-01,9.901135295206280329e-01,3.386484471305084010e-01,2.521088742712298547e+00
9.007563705963093081e-01,8.559982524179315533e+02,9.250534756787444080e-01,9.868360616919704675e-01,4.604016987776742842e-01,3.356855891835025751e+00
9.063147183756101732e-01,8.038577393051093622e+02,9.257003390522938746e-01,9.876379026957662344e-01,4.417886847879403112e-01,3.152383291392585551e+00
9.011041882736916531e-01,8.102337791943343746e+02,9.290842013256987997e-01,9.875398489958734372e-01,4.605194309904218075e-01,3.177387369389546468e+00
9.160912456193701647e-01,7.212373719554773288e+02,9.259606860073434920e-01,9.889084770406380009e-01,4.077274624069777698e-01,2.828381850805793629e+00
9.082632458419689359e-01,7.613110806050464134e+02,9.283858858322224794e-01,9.882922049548634735e-01,4.359070364150084420e-01,2.985533649431554526e+00
9.256166027895761372e-01,6.532461428563573236e+02,9.246292228756975984e-01,9.899540777095876543e-01,3.727172334112434093e-01,2.561749579828852319e+00
9.187926913014539121e-01,7.324103390510822464e+02,9.221505434013376190e-01,9.887366539683960509e-01,3.969879266348212421e-01,2.872197408043459355e+00
9.273271414118996470e-01,6.592795450879839336e+02,9.220257270957689100e-01,9.898612932505769235e-01,3.656697277202973217e-01,2.585409980737192193e+00
8.967445460525290679e-01,8.548064692610669226e+02,9.281163955178155511e-01,9.868543894863428534e-01,4.746318188204152744e-01,3.352182232396341277e+00
9.151238398894891990e-01,7.255277913201897491e+02,9.263593598642616556e-01,9.888424969808971010e-01,4.112823386914339352e-01,2.845207024785057826e+00
9.189607258317081806e-01,6.783927674661983929e+02,9.281424454415923009e-01,9.895673612483283366e-01,3.980470480630688423e-01,2.660363793985091707e+00
9.074508897598057011e-01,7.185856544314539178e+02,9.332690790262062608e-01,9.889492563831167038e-01,4.402079093248087993e-01,2.817982958554721584e+00
9.039960105760033171e-01,7.410209723594282423e+02,9.335611120841000865e-01,9.886042356540548637e-01,4.521544364108422420e-01,2.905964597487953771e+00
9.363464795987519462e-01,6.216340946205262981e+02,9.159838417763096485e-01,9.904402224553174872e-01,3.298105083706751040e-01,2.437780763217750390e+00
9.254821202434005967e-01,6.911448472446486448e+02,9.200634979786032064e-01,9.893712538485429642e-01,3.720236406670115459e-01,2.710371949979014428e+00
9.399298380208949144e-01,5.063290741938853898e+02,9.284350678855086691e-01,9.922134365608543671e-01,3.185436498044007525e-01,1.985604212525040824e+00
9.528586915546380931e-01,4.558570575006735908e+02,9.176198470123082540e-01,9.929896186525286605e-01,2.627515551321260578e-01,1.787674735296759465e+00
9.498702518430844899e-01,5.009362554090735102e+02,9.144997916863055742e-01,9.922963698303898239e-01,2.749424137961132830e-01,1.964455903564994221e+00
8.954840687064152815e-01,8.312389573340713014e+02,9.310825889025636792e-01,9.872168216200586377e-01,4.798713836301308766e-01,3.259760616996357996e+00
9.002324738909314172e-01,7.772809749070307817e+02,9.327585257063885082e-01,9.880466125102722597e-01,4.646291490683676084e-01,3.048160685909924617e+00
9.418065756459651494e-01,5.595123975689640474e+02,9.176358109036323318e-01,9.913955587369827072e-01,3.086235803355041885e-01,2.194166264976329828e+00
9.267154099093137809e-01,6.301851387710291874e+02,9.263575106180429453e-01,9.903087205306949636e-01,3.690749690698279517e-01,2.471314269690310539e+00
9.162831824258033109e-01,6.369783027651568545e+02,9.350082192742008580e-01,9.902042521027718536e-01,4.096385838014570124e-01,2.497954128490811332e+00
8.987619912426012547e-01,8.262781599436227680e+02,9.292798607265768673e-01,9.872931110641340879e-01,4.684186804670733006e-01,3.240306509582834504e+00
9.011781222709572825e-01,7.471586556172803739e+02,9.349062466425451801e-01,9.885098475130366102e-01,4.621404202114479665e-01,2.930033943597178059e+00
9.462411641330227274e-01,4.974204950963231795e+02,9.211669719746324869e-01,9.923504368237885398e-01,2.913603600018542239e-01,1.950668608220875289e+00
9.549576852458914189e-01,4.347624956241718337e+02,9.178759672512263323e-01,9.933140206129214000e-01,2.539057961127663687e-01,1.704950963232046313e+00
9.007975385742703622e-01,8.023680103590286308e+02,9.300396316384619277e-01,9.876608124387317167e-01,4.618556170249398241e-01,3.146541217094230181e+00
9.277517520712598165e-01,7.033010354446666952e+02,9.158808529321424974e-01,9.891843103459436737e-01,3.625183582015505390e-01,2.758043276253594467e+00
9.268117689549968397e-01,6.797335235176709602e+02,9.200049417744312619e-01,9.895467424796593470e-01,3.670727655316132210e-01,2.665621660853611630e+00
9.164594661458331792e-01,6.823554464627729885e+02,9.299101629322891194e-01,9.895064213320399205e-01,4.075402732389400429e-01,2.675903711618717207e+00
9.151048250999156419e-01,6.936773864529857292e+02,9.298301681361119675e-01,9.893323072855014777e-01,4.123504029890527334e-01,2.720303476286218380e+00
9.402917283286054140e-01,6.618865707436251569e+02,9.037688733754969395e-01,9.898212012003871907e-01,3.116243376510163254e-01,2.595633610759314536e+00
9.175032919727814651e-01,7.329764360505929517e+02,9.233403848168756367e-01,9.887279482660691343e-01,4.019439273816644009e-01,2.874417396276835124e+00
9.054094744762045677e-01,8.202894495803786867e+02,9.248113690285639787e-01,9.873852082308557376e-01,4.446072498920314309e-01,3.216821370903445665e+00
8.876957997471355277e-01,9.178815928381209233e+02,9.287365973814811770e-01,9.858843909691797913e-01,5.043524075545877672e-01,3.599535658188709686e+00
8.896358509633375267e-01,8.909770880719046318e+02,9.297451275878488852e-01,9.862981409271383004e-01,4.984728674108692692e-01,3.494027796360410498e+00
9.034776380796543105e-01,7.246339539525413329e+02,9.354754747769411516e-01,9.888562428266763904e-01,4.545276760172045627e-01,2.841701780206044248e+00
9.143412609187954176e-01,6.696927504210875668e+02,9.330307767070817881e-01,9.897011541472474638e-01,4.159963622180420373e-01,2.626246080082696555e+00
9.415399592553195252e-01,4.999828288835818739e+02,9.273741226152624195e-01,9.923110320658877770e-01,3.118444394962713861e-01,1.960716976014046597e+00
8.941767708191669106e-01,9.208312561513605488e+02,9.240635066470908043e-01,9.858390296781078810e-01,4.818308051485891141e-01,3.611102965299453071e+00
9.459084857428412541e-01,5.591250680429831164e+02,9.111092870762913520e-01,9.914015152701538547e-01,2.906470394035380878e-01,2.192647325658757307e+00
9.576593186045362360e-01,4.292504985236734569e+02,9.135171267627709701e-01,9.933987866618941842e-01,2.413330377371184776e-01,1.683335288328131174e+00
9.108734650944207978e-01,7.505850321932659881e+02,9.273565726635769613e-01,9.884571551042158344e-01,4.265336700658661773e-01,2.943470714483396034e+00
9.157206315825004994e-01,7.158445531706654492e+02,9.268852120921748927e-01,9.889914103101733467e-01,4.093115544637440650e-01,2.807233541845747027e+00
9.299145259829709742e-01,6.727615920500138600e+02,9.172435290601576030e-01,9.896539600767384481e-01,3.547478825871023811e-01,2.638280753137308920e+00
9.050724959643747791e-01,7.478141363535559094e+02,9.321412873046792669e-01,9.884997672261317536e-01,4.479269191655772531e-01,2.932604456288454564e+00
9.138771119749403704e-01,6.596817719034257834e+02,9.344577948453688387e-01,9.898551076199764154e-01,4.180637549216538185e-01,2.586987340797748391e+00
9.165644135436326057e-01,7.006195233417214467e+02,9.278088122948042749e-01,9.892255478832817639e-01,4.065650355006660832e-01,2.747527542516554622e+00
9.017120953383185311e-01,8.300769687561285082e+02,9.267666588729017718e-01,9.872346912195717472e-01,4.577380127461800896e-01,3.255203799043640878e+00
9.035215577999113901e-01,7.858618136364553948e+02,9.296163226398818091e-01,9.879146523907906818e-01,4.525241448606760475e-01,3.081811033868452565e+00
9.408508427237167737e-01,5.559668426772922203e+02,9.195841964539072100e-01,9.914500839252409214e-01,3.127445364561870500e-01,2.180262128146243761e+00
9.195212634721767753e-01,7.082469355456543099e+02,9.242076583920855182e-01,9.891082499992978061e-01,3.949288330722078300e-01,2.777438962924134724e+00
9.405301231085275715e-01,4.446245012472255667e+02,9.370443317336856204e-01,9.931623581144891633e-01,3.181026366449647425e-01,1.743625495087159027e+00
9.379064982551217344e-01,5.522872121804729204e+02,9.241046058290331988e-01,9.915066709903658237e-01,3.255780253512975952e-01,2.165832204629305480e+00
9.321950948695740813e-01,6.169861403087548979e+02,9.219789366538626574e-01,9.905117008533701473e-01,3.472530825111262431e-01,2.419553491406881918e+00
9.223655190192621145e-01,6.816701711475758430e+02,9.245098926545850526e-01,9.895169598138041644e-01,3.846701611281250210e-01,2.673216357441474234e+00
9.331556447548889910e-01,5.867446427033179361e+02,9.249794177884870239e-01,9.909767686355716032e-01,3.442993006230497532e-01,2.300959383150266380e+00
9.140651431656402481e-01,6.739831697857997597e+02,9.327941216235267063e-01,9.896351740875064529e-01,4.169075398673283139e-01,2.643071254061959863e+00
9.072435160949019473e-01,8.704784177738351900e+02,9.182242061875077743e-01,9.866133789903449580e-01,4.363437174700064980e-01,3.413640854015040027e+00
9.120684735120847542e-01,8.381512996438854088e+02,9.170589597828786577e-01,9.871105204126982002e-01,4.192359293724361446e-01,3.286867841740727325e+00
9.061441847848192843e-01,7.222503876388122990e+02,9.338533185492510214e-01,9.888928984154212731e-01,4.448924132905590079e-01,2.832354461328675743e+00
9.124703711762804925e-01,6.911448472446486448e+02,9.322489683812394956e-01,9.893712538485429642e-01,4.223863374078937194e-01,2.710371949979014428e+00
9.335544162962299275e-01,5.635644603023032460e+02,9.277062682288567119e-01,9.913332442361162400e-01,3.434255748657062401e-01,2.210056707067856063e+00
9.364319504167294417e-01,5.868340264400827664e+02,9.209409176948685216e-01,9.909753940509937742e-01,3.306312833039245502e-01,2.301309907608168004e+00
9.794383034325365722e-01,2.605237980905810105e+02,8.908607553385965439e-01,9.959935441501771569e-01,1.344285451709266999e-01,1.021661953296395975e+00
9.093858177456611847e-01,7.485887954055178852e+02,9.287769698123586881e-01,9.884878541597896806e-01,4.321372374485519807e-01,2.935642334923599606e+00
9.072103687392908400e-01,7.769234399599715744e+02,9.276593525524680084e-01,9.880521108485840198e-01,4.393152229868366176e-01,3.046758588078319896e+00
9.243231202672422819e-01,6.704078203152062088e+02,9.238682042196428856e-01,9.896901574706239435e-01,3.773052697763812358e-01,2.629050275745906884e+00
9.226987470455685347e-01,6.830109271990485240e+02,9.240139469872576949e-01,9.894963410451351749e-01,3.833166069101503481e-01,2.678474224309994156e+00
9.020878464765230698e-01,7.442685814618840823e+02,9.345660259737303965e-01,9.885542924143898569e-01,4.589562123861282150e-01,2.918700319458368941e+00
9.138396354769257046e-01,7.418254259903118282e+02,9.257363081152559792e-01,9.885918643928534033e-01,4.156481120873527502e-01,2.909119317609065725e+00
9.152954999642839429e-01,7.251404617942087043e+02,9.262485637074823197e-01,9.888484535140682485e-01,4.106409533838790704e-01,2.843688085467484861e+00
9.243622653795333655e-01,6.351608334509385259e+02,9.281145167284485797e-01,9.902322019891899307e-01,3.781707789439017198e-01,2.490826797846817708e+00
9.213387624207088900e-01,7.620559450780867792e+02,9.160215333295649298e-01,9.882807500833806769e-01,3.861267635317121028e-01,2.988454686580732211e+00
9.515212703838509256e-01,4.010052377059846549e+02,9.303002795584698337e-01,9.938331553885217939e-01,2.709107483310281839e-01,1.572569559631312508e+00
9.336605791486557449e-01,5.637730223547546302e+02,9.275578263359320896e-01,9.913300368721009725e-01,3.429807163005507697e-01,2.210874597469625780e+00
9.160011276001709390e-01,7.229356629540093309e+02,9.258554222758460517e-01,9.888823599336572512e-01,4.080185356791188322e-01,2.835041815505919161e+00
9.499416318817004434e-01,4.880649973149368748e+02,9.167514800021618893e-01,9.924943100096125237e-01,2.750842251155656837e-01,1.913980381627203409e+00
9.375906393194212152e-01,5.441383948454118809e+02,9.256995243490849790e-01,9.916319872843876171e-01,3.271961255060117368e-01,2.133876058217301530e+00
9.222407139273220977e-01,6.862287417225825266e+02,9.240933877048150835e-01,9.894468560003293334e-01,3.850143149972987677e-01,2.691093104794441526e+00
9.243834215887393180e-01,6.763220442311463785e+02,9.230826752032739169e-01,9.895992057910505402e-01,3.768779481064672976e-01,2.652243310710378221e+00
9.303016188414041654e-01,7.096174861760484873e+02,9.118106179237436271e-01,9.890871730357696512e-01,3.519491717943815101e-01,2.782813671278621559e+00
9.371888100968684965e-01,5.766144858699695988e+02,9.214481006608795655e-01,9.911325548877376601e-01,3.277878503498696250e-01,2.261233277921449680e+00
9.077831078491568340e-01,7.341384246285356312e+02,9.314785779779232167e-01,9.887100786665559138e-01,4.384022241704063072e-01,2.878974214229551798e+00
9.107081636727356599e-01,7.469798881437507134e+02,9.278667660914120541e-01,9.885125966821924903e-01,4.272623308615650650e-01,2.929332894681375254e+00
9.732847218288714908e-01,2.809628792308072889e+02,9.107534258122862436e-01,9.956792224766891630e-01,1.680073899375677249e-01,1.101815212669832400e+00
9.203133777621037570e-01,6.429968077073225459e+02,9.309622639314593107e-01,9.901116967411909275e-01,3.939266066338772410e-01,2.521556108656167083e+00
9.139181875043661529e-01,6.536632669612599784e+02,9.350623078007153088e-01,9.899476629815572304e-01,4.180960167656741500e-01,2.563385360632392196e+00
9.217099349834051436e-01,6.641509587416675231e+02,9.272218805843425171e-01,9.897863783910794133e-01,3.878029164330840661e-01,2.604513563692814060e+00
9.200449908667370780e-01,7.904203842114620784e+02,9.141000961198036956e-01,9.878445485773157397e-01,3.902808889712989227e-01,3.099687781221419858e+00
9.168534454426519043e-01,7.025263763927047194e+02,9.273404753885721163e-01,9.891962234122857467e-01,4.052848612523385907e-01,2.755005397618449869e+00
9.013685956584964742e-01,7.515682532976791208e+02,9.343697895962961297e-01,9.884420346738584939e-01,4.613253044404432290e-01,2.947326483520310347e+00
9.065839601366888489e-01,7.912844270001887708e+02,9.267305917109315283e-01,9.878312609263958377e-01,4.411820374693491975e-01,3.103076184314466079e+00
9.035886440058630287e-01,7.073530981780060074e+02,9.370359259801832597e-01,9.891219958450772065e-01,4.545417889778868292e-01,2.773933718345121591e+00
9.208546002172971479e-01,7.062804933368279308e+02,9.231212945681012139e-01,9.891384908600124870e-01,3.896853488287316813e-01,2.769727424850305653e+00
8.982755515045537376e-01,8.581136675213658691e+02,9.267171141492044351e-01,9.868035298569592939e-01,4.692065020052589852e-01,3.365151637338689827e+00
9.198629597133056723e-01,7.027349384451559899e+02,9.245109262290451824e-01,9.891930160482705903e-01,3.937778118574278285e-01,2.755823288020219586e+00
9.309319675626611668e-01,5.978282260621577962e+02,9.260092602907272763e-01,9.908063201479077042e-01,3.530727768286416879e-01,2.344424415930030925e+00
9.021059491690338605e-01,8.258759331281811455e+02,9.268656388449253436e-01,9.872992966947347071e-01,4.564434007918805047e-01,3.238729149522278750e+00
9.515415854356219505e-01,4.339431447038274428e+02,9.241129510263137448e-01,9.933266209715524431e-01,2.697571444348095815e-01,1.701737822367950681e+00
9.127776888632090913e-01,7.028541167608424303e+02,9.307758761049775842e-01,9.891911832688333739e-01,4.208675416306139061e-01,2.756290653964088122e+00
9.334447745225016302e-01,5.697617327179988251e+02,9.269789294776384914e-01,9.912379397053794339e-01,3.436717940039569763e-01,2.234359736149015063e+00
9.202994296646956895e-01,6.936773864529858429e+02,9.251351710917642412e-01,9.893323072855015887e-01,3.923674304769327326e-01,2.720303476286218824e+00
9.639932364594354652e-01,3.965658454466643548e+02,9.056745195887149213e-01,9.939014264225592976e-01,2.116284345783877030e-01,1.555160178222213085e+00
9.368174464745931962e-01,5.811730564449763961e+02,9.212644559334854932e-01,9.910624510742630511e-01,3.291998751279834878e-01,2.279110025274417417e+00
9.141751722770757871e-01,6.729999486813865133e+02,9.328109788129442803e-01,9.896502945178637933e-01,4.165219284744110517e-01,2.639215485025045105e+00
9.168569251169813583e-01,7.170661309064518036e+02,9.257241504299983381e-01,9.889726243209416845e-01,4.049274587669665082e-01,2.812024042770399301e+00
9.268611655688686612e-01,6.277121887205353232e+02,9.265164632862886718e-01,9.903467507040178974e-01,3.685713988498758309e-01,2.461616426355040410e+00
9.524742571557331949e-01,4.457566952462468635e+02,9.202745979747383176e-01,9.931449467098353301e-01,2.650400197396685087e-01,1.748065471553909234e+00
9.292831026990449050e-01,6.062898864758958553e+02,9.266961392478629822e-01,9.906761928078631207e-01,3.595082321173139750e-01,2.377607397944689893e+00
9.189998367831015980e-01,6.910554635078839283e+02,9.266685781921983889e-01,9.893726284331210152e-01,3.974945426692383377e-01,2.710021425521113692e+00
9.277640901000667739e-01,6.190717608332676036e+02,9.266659054630885795e-01,9.904796272132182500e-01,3.652258764902754917e-01,2.427732395424578637e+00
9.084916250289487571e-01,7.377733632569724023e+02,9.305739833900588120e-01,9.886541788937198705e-01,4.357823243181397355e-01,2.893228875517539045e+00
9.085907287402046340e-01,7.376243903623644655e+02,9.305123853194520178e-01,9.886564698680164742e-01,4.354202904467991964e-01,2.892644668087703597e+00
9.131550655799290928e-01,6.864670983539555209e+02,9.321977155088093658e-01,9.894431904414549006e-01,4.199549841212897316e-01,2.692027836682178599e+00
9.476679741268333457e-01,5.230736275478317339e+02,9.143742267727299478e-01,9.919559310499211913e-01,2.840819826050810515e-01,2.051269127638555734e+00
9.247522170725133162e-01,6.930517002956319175e+02,9.206319333363661706e-01,9.893419293775469470e-01,3.748692703512287450e-01,2.717849805080909231e+00
8.956962816165462415e-01,8.650558044101018140e+02,9.279343970808426878e-01,9.866967704547396911e-01,4.781290255472564477e-01,3.392375703569026513e+00
9.118936835807441854e-01,7.035095974971179658e+02,9.314155631409436475e-01,9.891811029819284062e-01,4.240581962174182484e-01,2.758861166655364627e+00
9.151720260774146576e-01,6.973421196603441103e+02,9.293767000549902901e-01,9.892759493178060470e-01,4.119802809737753702e-01,2.734674979060172983e+00
9.250550821857415063e-01,6.942732780314179308e+02,9.201479695787423418e-01,9.893231433883151738e-01,3.736245169364221241e-01,2.722640306005560618e+00
9.544527372539818311e-01,4.905081527865091289e+02,9.074812407305994366e-01,9.924567380311490883e-01,2.541978305959317619e-01,1.923561383476506403e+00
9.680766595074182801e-01,3.441571811235477298e+02,9.080543793059648872e-01,9.947073911800887736e-01,1.927823400931773512e-01,1.349636004406069567e+00
9.237182417450059413e-01,6.590560857460718580e+02,9.258628885179699397e-01,9.898647297120217736e-01,3.800662174386905123e-01,2.584533669592438798e+00
9.413888125071983026e-01,5.436914761615876159e+02,9.207430755856338411e-01,9.916388602072773173e-01,3.109803625985367304e-01,2.132123435927794741e+00
9.482010503669138224e-01,5.177999870787062946e+02,9.143894800365771625e-01,9.920370315400193206e-01,2.817394974988658429e-01,2.030588184622377668e+00
9.521010448932992754e-01,5.138075135032102025e+02,9.077601148115341800e-01,9.920984296511671241e-01,2.641222854244619778e-01,2.014931425502785256e+00
9.200880448601810313e-01,7.174236658535110109e+02,9.225897192354790555e-01,9.889671259826298133e-01,3.923190796351733178e-01,2.813426140602004022e+00
9.290603162516621882e-01,7.002321938157405157e+02,9.146659791896215586e-01,9.892315044164529114e-01,3.573193085119628076e-01,2.746008603198982545e+00
9.194127231825574009e-01,7.142654404878201149e+02,9.236215613520725176e-01,9.890156946377168801e-01,3.951589494903389177e-01,2.801040943089490476e+00
9.355736532698090135e-01,6.692756263161849120e+02,9.101203895825138446e-01,9.897075688752777767e-01,3.314473559097034783e-01,2.624610299279156678e+00
9.203906609548643258e-01,7.631881390771080760e+02,9.169261012575343761e-01,9.882633386787267327e-01,3.897989066558810722e-01,2.992894663047482418e+00
9.294991781608724635e-01,6.746386505220752952e+02,9.175035956751712574e-01,9.896250938006017073e-01,3.563777362198599641e-01,2.645641766753236368e+00
9.282198956644219789e-01,6.964482822926956942e+02,9.162014232688826532e-01,9.892896951635854474e-01,3.608510084750775615e-01,2.731169734481159850e+00
9.154811023993990604e-01,7.448942676192378940e+02,9.239191059175755338e-01,9.885446703223443876e-01,4.093155436431940020e-01,2.921153990663678091e+00
9.278418164074504482e-01,6.551827904862620926e+02,9.219743507918676251e-01,9.899242950437322497e-01,3.637320978046384434e-01,2.569344276416714479e+00
9.010722249214572210e-01,9.070959552684971641e+02,9.199720168516900554e-01,9.860502575082505938e-01,4.577394907803494783e-01,3.557239040268616481e+00
9.115889118878879316e-01,7.643203330761292591e+02,9.253174534794504913e-01,9.882459272740730105e-01,4.234311809481125510e-01,2.997334639514232624e+00
9.265293909453348187e-01,6.634954780053921013e+02,9.223721041306420787e-01,9.897964586779843810e-01,3.687347630958854872e-01,2.601943051001537555e+00
8.951744138196817691e-01,8.392239044850634855e+02,9.305833550159069434e-01,9.870940253977630308e-01,4.806242561023801318e-01,3.291074135235542819e+00
9.481993839508543465e-01,5.222840712064089530e+02,9.135877735536075406e-01,9.919680732136928469e-01,2.817257714376121824e-01,2.048172828260427458e+00
9.250598171287690574e-01,6.636444509000002654e+02,9.239281568032465808e-01,9.897941677036877772e-01,3.745979280745780904e-01,2.602527258431373447e+00
9.316297781491352792e-01,5.556539995986150871e+02,9.308602818422573311e-01,9.914548949712636006e-01,3.516205262869973036e-01,2.179035292543588742e+00
9.326760546614798475e-01,5.567861935976363839e+02,9.295985665726610447e-01,9.914374835666097674e-01,3.472803751680001993e-01,2.183475269010338948e+00
9.103880714593201029e-01,7.833292744281181967e+02,9.243742356826515350e-01,9.879535989538320573e-01,4.273383302307852127e-01,3.071879507561247724e+00
9.338639644796570272e-01,6.396598148681019893e+02,9.167457190602761319e-01,9.901630145654338744e-01,3.395895248365264352e-01,2.508469862227851177e+00
9.299498782137358699e-01,6.596519773245041733e+02,9.189415514638861193e-01,9.898555658148355807e-01,3.550366308284613748e-01,2.586870499311781035e+00
8.968772669234330586e-01,9.251216755160728553e+02,9.216507548312301568e-01,9.857730496183668700e-01,4.720864956028627546e-01,3.627928139278717268e+00
9.203737696129807855e-01,6.407324197092800659e+02,9.311683725469626083e-01,9.901465195504984829e-01,3.937639116574065956e-01,2.512676155722666671e+00
9.237657826237253289e-01,6.378125509749619368e+02,9.283743030404473240e-01,9.901914226467111169e-01,3.805631933450245863e-01,2.501225690097890197e+00
9.106034177782766914e-01,7.289541678961750222e+02,9.298109314608720144e-01,9.887898045720762141e-01,4.282124423874082431e-01,2.858643795671275356e+00
9.939122337774318749e-01,7.371178825206969520e+01,8.970039511126435272e-01,9.988664259180625171e-01,4.991411134085402268e-02,2.890658362826262762e-01
9.731978465251617250e-01,2.839721317018901914e+02,9.100265507653140240e-01,9.956329447958987000e-01,1.683502609782063508e-01,1.113616202752510498e+00
9.384030871778347160e-01,5.339486488542203233e+02,9.261932350623024446e-01,9.917886899262722267e-01,3.239730275856649300e-01,2.093916270016550563e+00
9.236488974607196534e-01,6.356673412926058973e+02,9.287443942306853328e-01,9.902244126765815668e-01,3.810939823221840550e-01,2.492813103108258321e+00
9.260764050975964778e-01,6.319728135063259060e+02,9.267922195223469162e-01,9.902812288391362738e-01,3.715732422794715828e-01,2.478324758848336806e+00
9.347515030892213916e-01,5.618959638826929677e+02,9.265657822589372650e-01,9.913589031482377134e-01,3.385100642024000406e-01,2.203513583853697888e+00
9.412813253106786515e-01,5.255167830194039880e+02,9.237375183508689247e-01,9.919183590714575338e-01,3.120747151343809533e-01,2.060850129487858506e+00
9.092371528983249629e-01,8.144944039801251847e+02,9.221603502015645049e-01,9.874743271309918136e-01,4.306686751422977300e-01,3.194095701882843752e+00
9.002745476520577217e-01,7.549946298736646213e+02,9.347814697565784980e-01,9.883893422650376070e-01,4.651435346215943012e-01,2.960763254406527878e+00
9.036486237296220692e-01,7.336319167868683735e+02,9.345057834527330520e-01,9.887178679791641667e-01,4.536371776495072283e-01,2.876987908968111185e+00
9.159855263584039120e-01,7.166788013804707589e+02,9.265572126564923794e-01,9.889785808541126100e-01,4.082743138684691298e-01,2.810505103452826337e+00
9.128482470844431207e-01,7.735864471207509041e+02,9.232233947351898840e-01,9.881034286728269667e-01,4.184075344429806220e-01,3.033672341650003546e+00
9.400138972371410162e-01,5.930908880136214520e+02,9.150242340292413790e-01,9.908791731305381933e-01,3.151930333454693312e-01,2.325846619661260384e+00
8.954734136132093125e-01,7.872919534246927924e+02,9.349640191955801427e-01,9.878926590375436412e-01,4.811014601415573022e-01,3.087419425194873668e+00
9.153534983235871447e-01,7.271664931608784173e+02,9.259756119391537865e-01,9.888172962636347929e-01,4.103566582561199438e-01,2.851633306513248645e+00
9.424089688525536523e-01,5.456877129493358325e+02,9.189524771182903118e-01,9.916081611517034711e-01,3.064909576630484023e-01,2.139951815487591169e+00
9.245137353329047070e-01,6.347437093460358710e+02,9.280165943360721981e-01,9.902386167172203546e-01,3.777021089150486288e-01,2.489191017043278276e+00
9.342700319549502863e-01,5.330995033549543223e+02,9.311109004862120342e-01,9.918017484797625460e-01,3.414825186174813010e-01,2.090586287666488019e+00
9.252145342769866332e-01,5.816199751288005473e+02,9.337996672876598403e-01,9.910555781513732398e-01,3.766410754294403640e-01,2.280862647563923762e+00
9.299888662927399130e-01,6.339988448729956190e+02,9.222888901141444995e-01,9.902500715887030402e-01,3.557249143262971036e-01,2.486269979894100590e+00
9.399013483623094301e-01,5.603466457787691297e+02,9.202404770648088261e-01,9.913827292809219704e-01,3.168045094344078549e-01,2.197437826583408693e+00
9.218394592246302865e-01,6.579238917470505612e+02,9.278296977318197802e-01,9.898821411166756068e-01,3.874949633182577791e-01,2.580093693125688592e+00
9.245512082997300318e-01,6.403450901832990212e+02,9.272989439006563694e-01,9.901524760836696304e-01,3.773724059941759856e-01,2.511157216405094150e+00
9.263517797862361736e-01,6.594434152720529028e+02,9.230745125899331160e-01,9.898587731788508481e-01,3.695781365201696866e-01,2.586052608910011319e+00
9.237887670275010121e-01,6.228556723563124251e+02,9.301474428089067104e-01,9.904214364660857139e-01,3.808369893090272629e-01,2.442571264142401777e+00
9.233313837379480971e-01,6.048895412665799540e+02,9.327098186330806673e-01,9.906977279662506630e-01,3.833373888616198322e-01,2.372115848104235258e+00
9.104312263747039724e-01,8.090122014585482475e+02,9.216665873225871053e-01,9.875586349851052104e-01,4.263869052957973693e-01,3.172596868464895081e+00
9.035535064213684464e-01,7.427490579368817407e+02,9.337052797149013594e-01,9.885776603522148376e-01,4.537070953323829037e-01,2.912741403674046214e+00
9.512387072270108712e-01,5.102023694536950984e+02,9.101851163965466451e-01,9.921538712291437800e-01,2.683615719020763790e-01,2.000793605700764921e+00
9.145822944975763313e-01,7.021986360245668948e+02,9.293528806183414259e-01,9.892012635557381195e-01,4.140687153703067058e-01,2.753720141272811617e+00
9.285720566889363869e-01,6.075412587906035924e+02,9.272891993701274371e-01,9.906569486237720712e-01,3.623447750856107485e-01,2.382514740355308192e+00
9.368883797952869408e-01,5.405630453748183299e+02,9.270750835612504570e-01,9.916869706675051077e-01,3.302812074300386924e-01,2.119855079901248107e+00
9.318973298626340718e-01,5.980665826935307905e+02,9.248905606229129717e-01,9.908026545890331604e-01,3.491080228612033487e-01,2.345359147817767553e+00
9.578265506395259310e-01,4.129826584324729311e+02,9.167145961854418212e-01,9.936489610550783835e-01,2.411500071732055051e-01,1.619539836990089965e+00
9.244745583983102755e-01,6.615886249544089424e+02,9.247880025005343896e-01,9.898257831489802872e-01,3.769896337809099940e-01,2.594465195899642751e+00
9.292188488867699769e-01,7.140270838564471205e+02,9.126372410054399698e-01,9.890193601965915349e-01,3.562206697484896489e-01,2.800106211201753403e+00
9.312983407240412737e-01,6.518160030681200396e+02,9.183439276090875625e-01,9.899760710628345839e-01,3.497809422635400067e-01,2.556141188502431216e+00
9.172827790802049464e-01,6.739235806279565395e+02,9.301309629173052373e-01,9.896360904772252276e-01,4.046518400799110071e-01,2.642837571090025595e+00
9.271306610769221024e-01,6.200251873587592399e+02,9.272037267369604985e-01,9.904649649777204079e-01,3.677411592973913179e-01,2.431471322975526483e+00
9.551264899139964015e-01,4.505536224526265414e+02,9.143015755062694483e-01,9.930711773374860662e-01,2.525258631567126599e-01,1.766876950794613821e+00
9.478742012571249598e-01,5.005489258830925223e+02,9.180178592834636886e-01,9.923023263635608604e-01,2.839638084428428022e-01,1.962936964247421701e+00
8.984306115551358163e-01,7.785025526428169087e+02,9.338519717352234961e-01,9.880278265210405975e-01,4.710165508951550395e-01,3.052951186834576003e+00
8.949598412506566403e-01,8.086546665114890402e+02,9.334135092131807809e-01,9.875641333234168595e-01,4.823760110855808136e-01,3.171194770633289917e+00
9.414958478306210132e-01,5.514976558390502532e+02,9.193608576185857695e-01,9.915188131541375904e-01,3.102468944255031835e-01,2.162735905251177204e+00
9.408017575643295993e-01,5.665439181944645952e+02,9.180020862442495044e-01,9.912874247501850533e-01,3.127212587797064125e-01,2.221740855664566805e+00
9.230067531617358600e-01,6.324793213479933911e+02,9.297337229378093149e-01,9.902734395265280209e-01,3.837279623337974122e-01,2.480311064109777863e+00
9.488480051880495703e-01,5.112451797159514513e+02,9.144352609522439224e-01,9.921378344090678869e-01,2.791986683221622245e-01,2.004883057709613503e+00
9.033882546637533872e-01,7.662569807060341418e+02,9.315854066947620860e-01,9.882161446082176059e-01,4.535977525564750534e-01,3.004929336102094783e+00
9.411472210776606895e-01,5.175020412894901938e+02,9.251645221186763912e-01,9.920416134886125281e-01,3.129307258594069552e-01,2.029419769762706771e+00
9.426630251088722323e-01,5.337996759596121592e+02,9.204884312563225146e-01,9.917909809005688304e-01,3.058010165724192042e-01,2.093332062586714670e+00
9.245634672630117512e-01,6.581324537995019455e+02,9.251187377609707552e-01,9.898789337526604504e-01,3.767502831088546666e-01,2.580911583527458308e+00
9.214556559668430902e-01,6.506838090690987428e+02,9.290372096796694068e-01,9.899934824674885281e-01,3.892284428369320315e-01,2.551701212035681010e+00
9.197768028655001205e-01,7.279709467917620032e+02,9.216790903417605429e-01,9.888049250024335546e-01,3.933099432193563616e-01,2.854788026634361042e+00
9.411794962841909529e-01,5.815901805498789372e+02,9.150745195464460302e-01,9.910560363462326272e-01,3.105702900599182636e-01,2.280745806077956850e+00
9.323428450940600687e-01,6.282484911411243047e+02,9.202627440829183048e-01,9.903385031965502572e-01,3.462688682112607386e-01,2.463719573102448379e+00
9.150240493759925764e-01,7.724244585428079972e+02,9.213283550570692260e-01,9.881212982723401872e-01,4.101965367898471881e-01,3.029115523697285983e+00
9.192514457989456877e-01,7.062209041789847106e+02,9.247004062856450934e-01,9.891394072497310397e-01,3.960394734460122579e-01,2.769493741878371385e+00
9.205404871679854217e-01,6.984445190804437971e+02,9.243469973068348944e-01,9.892589961080116012e-01,3.912765894784528964e-01,2.738998114040955834e+00
9.324557025462750781e-01,5.570990366763134034e+02,9.297936473009373870e-01,9.914326725205868662e-01,3.480528779209512980e-01,2.184702104612993523e+00
9.331294460104760935e-01,5.924949964351891367e+02,9.242202830119494728e-01,9.908883370277244973e-01,3.442152567487489767e-01,2.323509789941918591e+00
9.042499108681878450e-01,7.972731373634329657e+02,9.279701358427917546e-01,9.877391637596740770e-01,4.495341848877597024e-01,3.126561322993854919e+00
9.063417000985579675e-01,7.971539590477465254e+02,9.263428263116745276e-01,9.877409965391114044e-01,4.418932725777847681e-01,3.126093957049986383e+00
9.190208847944524306e-01,7.000832209211323516e+02,9.256210125174716419e-01,9.892337953907492931e-01,3.971270221308461079e-01,2.745424395769146653e+00
9.213449243369025154e-01,6.783033837294335626e+02,9.259136619672727608e-01,9.895687358329063876e-01,3.887786237371068099e-01,2.660013269527190527e+00
9.209550413672360492e-01,6.837259970931670523e+02,9.256575294201052628e-01,9.894853443685115435e-01,3.901287669930169622e-01,2.681278419973204041e+00
9.262557980317243089e-01,6.150196980999284051e+02,9.287149507072174348e-01,9.905419417140847171e-01,3.714080719195502200e-01,2.411841953333052402e+00
9.157251554025045426e-01,7.048801481275121432e+02,9.280799169705462592e-01,9.891600260184001403e-01,4.096377863742232672e-01,2.764235875009851462e+00
9.250497112046487391e-01,6.472276379141916323e+02,9.259568190357069239e-01,9.900466330711685803e-01,3.751699698530347460e-01,2.538147599663496568e+00
9.258388466045639476e-01,6.477937349137022238e+02,9.250732022589646109e-01,9.900379273688415527e-01,3.720075605566912635e-01,2.540367587896871449e+00
8.996725325960641673e-01,7.904501787903835748e+02,9.319295735538239978e-01,9.878440903824564634e-01,4.661353126872271324e-01,3.099804622707386770e+00
9.009498444875005951e-01,7.494528381942446913e+02,9.348454956066973853e-01,9.884745665088695565e-01,4.628907134560165115e-01,2.939030738016645827e+00
9.365622146830857586e-01,5.815007968131139933e+02,9.215472417371004532e-01,9.910574109308104562e-01,3.301364151849834339e-01,2.280395281620055226e+00
9.819179132615328820e-01,2.230422178071922872e+02,8.941943797430026430e-01,9.965699532831914231e-01,1.215332648171499191e-01,8.746753639497737431e-01
9.661666758566150870e-01,4.285652232084763682e+02,8.901072388975432848e-01,9.934093251436582062e-01,1.993569625520578981e-01,1.680647934150887757e+00
9.067321645479663461e-01,7.928933342619559426e+02,9.264519159181928698e-01,9.878065184039930280e-01,4.405884763304421803e-01,3.109385624556689542e+00
9.033004600803981043e-01,8.142262527698305803e+02,9.270648956054927670e-01,9.874784508847256337e-01,4.524719814059371403e-01,3.193044128509139323e+00
9.241377248341088313e-01,6.468998975460539214e+02,9.269138785883122011e-01,9.900516732146209531e-01,3.787990383841882136e-01,2.536862343317858315e+00
8.952685115095597723e-01,8.660390255145148330e+02,9.281449662490069974e-01,9.866816500243823507e-01,4.796059506594449462e-01,3.396231472605940827e+00
9.065704061091123256e-01,7.647672517599535240e+02,9.293656988318923506e-01,9.882390543511833103e-01,4.420379995862686595e-01,2.999087261803739413e+00
9.098993797502773484e-01,7.638436198133834978e+02,9.267987572086634485e-01,9.882532583918219871e-01,4.296503946229202620e-01,2.995465175738758923e+00
9.384302860887147046e-01,6.026549478474590842e+02,9.158722971266266555e-01,9.907320925806990530e-01,3.216347296227348718e-01,2.363352736656702646e+00
9.491482699167826942e-01,5.748864002925161003e+02,9.021522523946988725e-01,9.911591301895777972e-01,2.755461137096542057e-01,2.254456471735357237e+00
9.107103061461819804e-01,7.034202137603531355e+02,9.323497309017066970e-01,9.891824775665063463e-01,4.285964221304764399e-01,2.758510642197463003e+00
9.134669487003790334e-01,7.737354200153589545e+02,9.226433947028116478e-01,9.881011376985304739e-01,4.160658314070276309e-01,3.034256549079838994e+00
9.116204216484450340e-01,7.121202308054639616e+02,9.307379508119781875e-01,9.890486846675873300e-01,4.249259465860444895e-01,2.792628356099858600e+00
9.154719331670444493e-01,7.021390468667236746e+02,9.285988834881785392e-01,9.892021799454568942e-01,4.105764606334316724e-01,2.753486458300877349e+00
9.236447541596047861e-01,6.395406365524155490e+02,9.282837933657406282e-01,9.901648473448710908e-01,3.808678673764864242e-01,2.508002496283982197e+00
9.294852761917324901e-01,5.897836897533223919e+02,9.286207758431057613e-01,9.909300327599217528e-01,3.592310397541239042e-01,2.312877214718911389e+00
9.263982030243195220e-01,6.448142770215409882e+02,9.248577818458970645e-01,9.900837468547728504e-01,3.697488840038279934e-01,2.528683439300160707e+00
9.779639493888517832e-01,2.661251789278442175e+02,8.964161770790783912e-01,9.959074035166264327e-01,1.426565578214107066e-01,1.043628152658212516e+00
9.202378004815724433e-01,6.628102026901950694e+02,9.287555986891552484e-01,9.898069971597485139e-01,3.935897244425344277e-01,2.599255696824294137e+00
9.084733921681503732e-01,8.082673369855079955e+02,9.234602038889831999e-01,9.875700898565880070e-01,4.336937641081118899e-01,3.169675831315717840e+00
9.318496004931527965e-01,6.326431915320622466e+02,9.202664264462592225e-01,9.902709194548017235e-01,3.481548682496248270e-01,2.480953692282596990e+00
9.119897831047742986e-01,7.560970292937643080e+02,9.258346878997287810e-01,9.883723890552430502e-01,4.221807580193408516e-01,2.965086389387310728e+00
8.842397635727241578e-01,8.725044491405049030e+02,9.345087983181843416e-01,9.865822217399117244e-01,5.172945412000622412e-01,3.421586075060803367e+00
9.300900100565261397e-01,6.640019858470595864e+02,9.181938055579076385e-01,9.897886693653760171e-01,3.543214743551010848e-01,2.603929356262978612e+00
9.251159332709339989e-01,6.851263423024829535e+02,9.212147958399726777e-01,9.894638092101240012e-01,3.736785410167604016e-01,2.686769969813658676e+00
9.312875624413263775e-01,6.407920088671232861e+02,9.198465570362887034e-01,9.901456031607800412e-01,3.501911810221311483e-01,2.512909838694600939e+00
9.300123056862585891e-01,6.583708104308747124e+02,9.190363536352648133e-01,9.898752681937859066e-01,3.548244312469346906e-01,2.581846315415194937e+00
9.235725331035590235e-01,6.640913695838243029e+02,9.254019492628751120e-01,9.897872947807980770e-01,3.804796953357179046e-01,2.604279880720879792e+00
8.976110509462671416e-01,9.004815587478991574e+02,9.233370558823367213e-01,9.861519767670178238e-01,4.703135861436372744e-01,3.531300230383918048e+00
8.984010364845776975e-01,8.781058299777680531e+02,9.247906442225708457e-01,9.864960811063610002e-01,4.681672405702587136e-01,3.443552274422619686e+00
9.318319542697667268e-01,5.542089625209169981e+02,9.308414956804751395e-01,9.914771174219403349e-01,3.508357979793433334e-01,2.173368480474184405e+00
9.400064412692897831e-01,5.261722637556794098e+02,9.253254711149215828e-01,9.919082787845526772e-01,3.175319848759486918e-01,2.063420642179135012e+00
9.249137290416588053e-01,6.715698088931492293e+02,9.231061688981136992e-01,9.896722878711108340e-01,3.749223453952935659e-01,2.633607093698624446e+00
9.158396750084002447e-01,7.474714986959575072e+02,9.233017447950295775e-01,9.885050364670139311e-01,4.077538564304543089e-01,2.931260779199833078e+00
8.977422812125145368e-01,8.259057277071026419e+02,9.300273066193373017e-01,9.872988384998754308e-01,4.720547127898420681e-01,3.238845991008245662e+00
8.903636296145479578e-01,8.395218502742797000e+02,9.336237635979138805e-01,9.870894434491699343e-01,4.973586002327217148e-01,3.292242550095214604e+00
9.556840279004769068e-01,4.431645668800666726e+02,9.147013257255738328e-01,9.931848096625954803e-01,2.501795079362085783e-01,1.737900262274771235e+00
9.628617685266936954e-01,4.145021819574752158e+02,9.042340044944832123e-01,9.936255931172535139e-01,2.165672334927591092e-01,1.625498752774412692e+00
9.132290409742593873e-01,7.869940076354765779e+02,9.214381451160290615e-01,9.878972409861367376e-01,4.165534801428365519e-01,3.086251010335202327e+00
9.429878603250514413e-01,5.745884545032999995e+02,9.133816029652874757e-01,9.911637121381708937e-01,3.029605056627341919e-01,2.253288056875686340e+00
9.173799566338485256e-01,7.858916082153768912e+02,9.174871727769600138e-01,9.879141941959311835e-01,4.007514208827708257e-01,3.081927875354419477e+00
9.589957386082583746e-01,4.288929635766140791e+02,9.105953399027807427e-01,9.934042850002058334e-01,2.349323755093764288e-01,1.681933190496525787e+00
9.075829007636913026e-01,7.373562391520698611e+02,9.313095232366445098e-01,9.886605936217502943e-01,4.391493212415801817e-01,2.891593094713999612e+00
9.073898151907147103e-01,7.442089923040408621e+02,9.307749049307385558e-01,9.885552088041084096e-01,4.396514590123554722e-01,2.918466636486434673e+00
9.092217610182360410e-01,8.035299989369716513e+02,9.232999080878253606e-01,9.876429428392186072e-01,4.310619612817495061e-01,3.151098035046947299e+00
9.279050120157243953e-01,6.243751958813147667e+02,9.258427152805537297e-01,9.903980685282609553e-01,3.643637898438992773e-01,2.448530179926724948e+00
9.479551478572822987e-01,4.929513082580813261e+02,9.192291947735148350e-01,9.924191660526853198e-01,2.838729643460946583e-01,1.933142385325809176e+00
9.227447775399347796e-01,6.568810814847942083e+02,9.270837246425428502e-01,9.898981779367517220e-01,3.839746470575391979e-01,2.576004241116840010e+00
9.083098661803167273e-01,8.000440332031428170e+02,9.244345450267515973e-01,9.876965516377580467e-01,4.345507162224864217e-01,3.137427581188795500e+00
9.120496019509182206e-01,7.555309322942536028e+02,9.258426287060675941e-01,9.883810947575700778e-01,4.219735477911998878e-01,2.962866401153935847e+00
9.542741192729748967e-01,4.776071001134507696e+02,9.105033810740758016e-01,9.926551364052310644e-01,2.555142411713825501e-01,1.872969020052748235e+00
9.397383725842763935e-01,5.669014531415240299e+02,9.194619802779594453e-01,9.912819264118734042e-01,3.172769586040449785e-01,2.223142953496172414e+00
9.342395921582634655e-01,5.698511164547636554e+02,9.260518258090751909e-01,9.912365651208014938e-01,3.403725194969350332e-01,2.234710260606916243e+00
9.181649269319861473e-01,7.162020881177248839e+02,9.246013104747728972e-01,9.889859119718615865e-01,3.999243975293156339e-01,2.808635639677352636e+00
9.324918186455248836e-01,6.655215093720618142e+02,9.149426647392480128e-01,9.897653014275511474e-01,3.444107518355079556e-01,2.609888272047301339e+00
9.113931972820925598e-01,7.369987042050104264e+02,9.283364295624476625e-01,9.886660919600619435e-01,4.250084533842680146e-01,2.890190996882394003e+00
9.194100558939364287e-01,7.256767642147976858e+02,9.223112654251814924e-01,9.888402060066003862e-01,3.948072129461231428e-01,2.845791232214892830e+00
9.070636380630815454e-01,7.690874657035873270e+02,9.285550159345571375e-01,9.881726160965830230e-01,4.400939225201012106e-01,3.016029277268970077e+00
9.502558538953438383e-01,4.499577308741942829e+02,9.232347790593586900e-01,9.930803412346722592e-01,2.750376195845551930e-01,1.764540121075271584e+00
