inf,inf,inf,inf,inf,inf,inf
inf,inf,inf,inf,inf,inf,inf
inf,inf,inf,inf,inf,inf,inf
inf,inf,inf,inf,inf,inf,inf
inf,inf,inf,inf,inf,inf,inf
inf,inf,inf,inf,inf,inf,inf
inf,inf,inf,inf,inf,inf,inf
inf,inf,inf,inf,inf,inf,inf
inf,inf,inf,inf,inf,inf,inf
inf,inf,inf,inf,inf,inf,inf
inf,inf,inf,inf,inf,inf,inf
inf,inf,inf,inf,inf,inf,inf
inf,inf,inf,inf,inf,inf,inf
inf,inf,inf,inf,inf,inf,inf
3.192067926405944167e+00,8.126721468630865530e+00,1.081841309863353473e+01,1.339484413869961799e+01,2.551816582898675279e+01,1.749566387995341188e+01,-2.606687485567595886e+01
3.164841811908315705e+00,7.739072835563481689e+00,1.080300105298022473e+01,1.164242147565468244e+01,-2.298690428627056548e+01,-1.563086406598966427e+01,-2.304878489283438014e+01
1.268656194299872642e+00,2.603275113986773803e+00,3.694671319080484295e+00,3.750415180618383637e+00,7.472968318587952297e+00,5.052190085887883875e+00,9.643783665244491488e+00
2.360772374185057032e+00,4.857858824528638486e+00,6.913106893377507056e+00,6.860482383391909522e+00,1.374728213677233413e+01,9.289449828105642126e+00,-1.606123409990890849e+01
3.103426768682350012e+00,6.950174477533813011e+00,1.015139247642995279e+01,1.070359180096451546e+01,2.113440269437040087e+01,1.418100346404486523e+01,2.204063078412212917e+01
3.198453075950185465e+00,8.359869238317543250e+00,1.214926572705186558e+01,1.477604991010671753e+01,-2.870723860411828099e+01,1.956829874484601106e+01,-2.826538208179011491e+01
3.096784750452525881e+00,7.367695206732151725e+00,1.093217621072382251e+01,1.087077567565615688e+01,2.186185016151859628e+01,1.456397640158502327e+01,2.200773934464045922e+01
3.197326217293956496e+00,7.974216623569828855e+00,1.186447188763383132e+01,1.378500135773155044e+01,2.662442956835727159e+01,1.777211837732546940e+01,2.720188514786055478e+01
inf,inf,inf,inf,inf,inf,inf
3.189940870911530446e+00,8.309457367368880298e+00,1.159377563082864171e+01,1.325096981209155089e+01,-2.568889436439744856e+01,-1.745997619628951014e+01,2.625355843834453395e+01
1.914263668851393430e+00,3.898263370450028464e+00,5.627702707432992391e+00,5.540424628341411584e+00,1.112454439169980525e+01,7.489745291947199846e+00,-1.291842960099856796e+01
2.802066371609325035e+00,5.883270284525923266e+00,8.882194604221604450e+00,9.191806493699115066e+00,1.823594033131196568e+01,1.222559618707158613e+01,-1.897409618202853565e+01
2.958829816169302962e+00,6.879808489398291371e+00,9.950706246548605804e+00,9.705692843786962953e+00,-1.957064567795175591e+01,-1.351329318515236722e+01,1.993773895321357870e+01
3.182958972158918431e+00,8.132962825788164096e+00,1.128753272886525494e+01,1.268307171309037074e+01,2.485613733173048345e+01,1.693914994543421315e+01,-2.478710415773679543e+01
3.182501885173360634e+00,9.035038242448081292e+00,1.137350048329380670e+01,1.260252726648189281e+01,-2.636925468699178765e+01,1.741558343441812085e+01,2.459060131239257530e+01
3.137146170647282961e+00,8.160682709526820844e+00,1.143794475033391222e+01,1.115712920353190185e+01,-2.304985102985064671e+01,-1.536802577715092610e+01,-2.246914671812818298e+01
3.187446582724353661e+00,8.727723516520088154e+00,1.238178969507177030e+01,1.315785052854981529e+01,-2.621967315433374068e+01,1.780194048843917543e+01,-2.599323454064212768e+01
3.195733996434483082e+00,8.523350717694901491e+00,1.164013949404691495e+01,1.398108709780059300e+01,-2.679288318450146988e+01,-1.859091245312871266e+01,-2.792421471377317133e+01
3.201084591047620442e+00,8.660087085405507423e+00,1.181776198007183254e+01,1.616629761077212990e+01,3.047739718124910624e+01,2.059094641153290084e+01,3.021510185350363997e+01
3.170387625339453841e+00,7.837267876062267824e+00,1.070821571784931159e+01,1.232086511250291316e+01,2.393817223301249086e+01,1.624123432463469285e+01,-2.404721712440867165e+01
3.158315133658519791e+00,7.734840745668821960e+00,1.038811633104555199e+01,1.156844736181734312e+01,2.255458883139482396e+01,1.543955650329465890e+01,-2.327132346303486443e+01
3.202372485698171456e+00,8.755443924445446058e+00,1.195883692582920688e+01,1.466154297660098393e+01,2.797734731464040792e+01,1.907845711483199480e+01,2.876826006485796228e+01
3.154062236592130031e+00,7.918929181611911616e+00,1.143851562382530673e+01,1.180014027303469604e+01,2.354893089851172761e+01,1.576758181991350760e+01,-2.359329784304721045e+01
2.733077747831142101e+00,5.858919076885412025e+00,1.022204703720548302e+01,9.508044556718317608e+00,1.978753770014976965e+01,1.271031481043494793e+01,1.940794390959084126e+01
3.187316907601397187e+00,8.872715125774357503e+00,1.152798359455668198e+01,1.335168815684820665e+01,2.579334771584461805e+01,-1.811899237495224213e+01,2.683033768398850327e+01
3.194550204447322628e+00,7.857134859622775913e+00,1.223103283237819205e+01,1.381928000352409747e+01,2.796620726680741953e+01,2.041677110271186635e+01,-2.684567937527368997e+01
3.179050893775238418e+00,7.860577394055928480e+00,1.155413780506724564e+01,1.269891709499621335e+01,-2.556334402116635829e+01,1.668612570717516164e+01,-2.483282900769923884e+01
3.190107966391629635e+00,8.302684796742157758e+00,1.201932767013035352e+01,1.314432401770779713e+01,2.572766174838723074e+01,1.769905951140099276e+01,-2.680552289226034191e+01
3.079043288493314989e+00,7.371634857420774622e+00,1.038690053267350777e+01,1.049764670977451253e+01,2.198795650765275411e+01,-1.429410691322837401e+01,-2.094166787586731360e+01
3.200203778173039915e+00,8.148878047297566596e+00,1.303249017993535475e+01,1.549877580457548554e+01,-2.982006159399858802e+01,-1.960465680859519821e+01,-3.008727487583960070e+01
3.088586599610945171e+00,7.273177952398806489e+00,1.029263548459149114e+01,1.114572731063318578e+01,2.190925236965488310e+01,1.496571526215358716e+01,2.223166474372656509e+01
3.179982370933685853e+00,8.473889184273962982e+00,1.105765273624911060e+01,1.349104768911806929e+01,2.576909512470842145e+01,1.772942319632226926e+01,-2.665168323059714695e+01
3.160415261027857081e+00,7.768571619535419970e+00,1.119768961684560082e+01,1.276828191117485645e+01,2.539544045536748840e+01,-1.671097959659936194e+01,2.476274486039546119e+01
3.176104379220352047e+00,8.299504015869059614e+00,1.116189980553714101e+01,1.170395566153173483e+01,2.328755668400308565e+01,1.589347948783721165e+01,-2.328724021709667724e+01
3.066169687629470175e+00,7.320966989016646664e+00,1.051766581828481328e+01,1.167557908111680476e+01,-2.314741761524642527e+01,1.549726890399096213e+01,-2.281467346536159724e+01
3.158354047609406301e+00,8.056680742777267312e+00,1.086058237981791130e+01,1.237607688503221581e+01,-2.404620599330767661e+01,1.734692085493101743e+01,2.433100611923212853e+01
3.069181800808087335e+00,7.308323928374258927e+00,9.721140626660595530e+00,1.005357046996719816e+01,1.994212280706885565e+01,1.371321996278238586e+01,-2.107089253975680165e+01
2.902067280845574526e+00,6.290655264437233996e+00,1.015843404531759298e+01,9.846930630561031350e+00,1.991888838759004798e+01,1.299607491035909490e+01,2.013141817652011412e+01
3.109197230642375853e+00,8.048581282971841944e+00,1.004526419533867987e+01,1.084470057818478672e+01,2.128972013571808475e+01,1.486899154058499839e+01,2.317297791990271705e+01
2.810907316879050821e+00,6.262519705470538156e+00,8.523219626069352017e+00,8.461948989679804356e+00,1.695604969734524659e+01,1.160597076198003030e+01,1.803326135611223435e+01
2.585648742014237111e+00,5.672569594652184577e+00,7.563591613657380641e+00,7.789761244169535637e+00,1.571493501100825974e+01,1.071985419213559432e+01,1.554968041870792739e+01
2.450754654325586479e+00,6.294121280377519945e+00,7.029873250089485381e+00,7.427287485595265970e+00,-1.465939014675183749e+01,-1.058530614692128324e+01,-1.555259101811310885e+01
2.982308128558206040e+00,7.317537258710830272e+00,8.523064402789820804e+00,8.849534389219433805e+00,1.780520532682400869e+01,1.294398178580031278e+01,1.760997200368161941e+01
3.094449978609945973e+00,7.894349702735437013e+00,9.904766651674199451e+00,9.976156444450614558e+00,2.025014856833080046e+01,-1.480641785610818140e+01,1.996925173899169081e+01
2.825509267566474580e+00,6.980604208854501280e+00,8.560274752805685949e+00,8.466967087488891153e+00,1.724228101865405804e+01,1.204581604438837061e+01,-1.705793037609402418e+01
3.151789544446648161e+00,7.575465072699597791e+00,1.056973482370649897e+01,1.096956997082709329e+01,2.174605329603518911e+01,1.479568404127686421e+01,-2.249376618441837650e+01
3.105731593929710765e+00,7.205147229715281654e+00,1.015348719264930288e+01,1.009166996518152359e+01,2.022121659591137899e+01,1.375764920075236297e+01,-2.096454472559509696e+01
3.175512660127107534e+00,8.019861880437838764e+00,1.078283022253037338e+01,1.174125553092843255e+01,2.301193527919011927e+01,1.575132920527500424e+01,-2.370780145797868244e+01
3.073492837217881135e+00,7.296449422071506596e+00,1.157858118237595235e+01,9.936491213210928208e+00,-2.090495858019512809e+01,1.396470047079227861e+01,2.079732870413213774e+01
3.046511195571320219e+00,7.058739019719109109e+00,8.892076333495891660e+00,8.935847814472914763e+00,1.784990062393360333e+01,1.249681595887374286e+01,-1.953934385080903269e+01
3.079673497425130968e+00,7.883814514748963553e+00,9.652578147408995335e+00,1.000019142250108750e+01,1.994298082483544832e+01,1.401253553300089827e+01,2.001757675908194400e+01
3.112529776214843835e+00,6.803603468728779191e+00,1.112628062202269597e+01,1.135983758306712410e+01,2.288363098243797111e+01,1.478298220656105322e+01,-2.267257590717203897e+01
3.055486168675343617e+00,7.347871909878256780e+00,9.555615892197625527e+00,9.889571644974846976e+00,1.963149399105129334e+01,1.384751822019529399e+01,-2.014703523248542893e+01
3.187219173340052780e+00,8.022469902202878700e+00,1.125944841300822929e+01,1.346270418246014700e+01,2.633756507728517349e+01,1.747399894050090907e+01,2.584518025304953426e+01
3.147042916337270402e+00,8.601957661859891857e+00,1.046072567108214635e+01,1.122271738548641906e+01,-2.226379092511183089e+01,-1.651384518471579810e+01,-2.217510899008175329e+01
3.181017637477959070e+00,8.162627354262459889e+00,1.204937012096877602e+01,1.271059541582991059e+01,-2.509100084128190389e+01,1.727318048093821901e+01,-2.644617257619120920e+01
3.164810917103705101e+00,7.336884571189169257e+00,1.232259919156517647e+01,1.236685480852873198e+01,2.471160881638306961e+01,1.639219572859748553e+01,-2.666422780635355849e+01
3.044219891721900773e+00,8.374506188315343991e+00,9.468396358733237150e+00,9.230479603054032367e+00,1.858003035330516184e+01,1.350428147124171829e+01,-2.022225557098495230e+01
3.198348836656260019e+00,8.153336479856820418e+00,1.177197099434483363e+01,1.414489757642796164e+01,2.828566184345688939e+01,-1.878980437878995247e+01,2.710427165828533802e+01
3.166246481689297454e+00,7.344030509799692297e+00,1.199442906440490297e+01,1.316664212127829003e+01,2.577139035047942173e+01,-1.710786003068947636e+01,-2.623552767077095638e+01
3.117441978429060789e+00,8.418018742904880725e+00,9.398232890152804941e+00,9.398579915906751125e+00,1.879704207502572899e+01,1.388586090964306408e+01,-2.059224520210020515e+01
3.189311936732552866e+00,8.546509969834769294e+00,1.146150057006084388e+01,1.325869952990833767e+01,-2.600741238840810610e+01,1.788146617043832975e+01,2.565848288474080974e+01
3.132187386293120657e+00,8.052287966435569544e+00,9.729038442699870615e+00,9.965678831821714212e+00,1.981362058952419858e+01,1.410786427799641807e+01,-2.109882698878482543e+01
2.672457572077803434e+00,5.949391005946672806e+00,7.327216033831113862e+00,7.283247237816409481e+00,1.460017456059009788e+01,1.025904705690820684e+01,1.522866476053063245e+01
3.109777140604048196e+00,7.270036374551774649e+00,1.122477205520297439e+01,1.119555092599872737e+01,2.310293908598507429e+01,1.488651559792461043e+01,-2.241464974365372598e+01
2.908804888614932693e+00,6.430497456812557466e+00,8.481897624685492687e+00,8.511661691879821134e+00,1.702104675578399906e+01,1.180187995621650998e+01,-1.763281230973785796e+01
3.192356879378037693e+00,7.994387959520561360e+00,1.153522309258041112e+01,1.308465378174970972e+01,-2.539553522497532256e+01,-1.711193871424258361e+01,2.657618346718533786e+01
2.898957349435354658e+00,6.758083503109343582e+00,8.517508554212543714e+00,9.030877416086877219e+00,-1.839258196589934968e+01,1.304876179813598114e+01,-1.782009021072470034e+01
2.755191852881961445e+00,6.844857956103337138e+00,8.202545179585857937e+00,8.184042994645144731e+00,-1.709246545047170684e+01,1.176448327144793105e+01,1.638555360703286468e+01
3.051437790620439294e+00,7.631256895295170040e+00,9.489852219089577545e+00,9.094847268165063170e+00,1.840957939193953052e+01,1.291131937494825799e+01,-1.889171610703324689e+01
3.166015230797686542e+00,8.212672845771917807e+00,1.129481841340408543e+01,1.092979500274955740e+01,2.204304902048107451e+01,1.505969493850949981e+01,2.322270636951439826e+01
3.048315574952744633e+00,7.105472062210481887e+00,9.940171888957399560e+00,1.090259213959559403e+01,2.137533623328662102e+01,1.463665718323300879e+01,-2.166220509110418746e+01
3.173778253448948039e+00,8.087022179046201131e+00,1.231521141608925696e+01,1.255432614521881085e+01,2.544325904162504415e+01,1.726444144126725888e+01,2.501771930459113591e+01
2.621486948198290534e+00,5.667283531498505056e+00,7.345655006809815646e+00,7.238442917051187919e+00,1.453180339635348872e+01,1.007208662356691420e+01,-1.564063744171197712e+01
3.172674833556263341e+00,8.088330869312942539e+00,1.157682768395333817e+01,1.171481976057750352e+01,2.339263626725700007e+01,-1.599400933941137914e+01,-2.379229464997615651e+01
3.159328223820130788e+00,8.028580754795916263e+00,1.122664577906431660e+01,1.177938451545101373e+01,2.335005524867558080e+01,-1.612244778520393496e+01,2.356857519525977196e+01
3.042967390091571023e+00,6.595889074689038623e+00,9.974936919909801247e+00,1.061110636156764286e+01,2.090458581619373746e+01,1.400905427613800747e+01,-2.224238954561563020e+01
2.770426002980770797e+00,6.219987729683410294e+00,8.730907509661234300e+00,8.822386550112398140e+00,1.767544346044090986e+01,1.195432027422739196e+01,-1.786292177385943702e+01
2.939207623489005883e+00,6.621033688607764311e+00,9.465517205148739066e+00,1.165758015213947729e+01,-2.273151796847147565e+01,-1.540294408581310037e+01,-2.224067364397469504e+01
2.975672885577590687e+00,7.356952782757712583e+00,9.166905099751479824e+00,1.014651510785848032e+01,1.987345228804827357e+01,1.390645181732956459e+01,-2.008251810456429709e+01
3.185110984983690052e+00,7.693365428475487100e+00,1.251121174404075020e+01,1.314860617376228014e+01,-2.678800196918766119e+01,1.749114576514590524e+01,-2.598380025501210255e+01
3.155676970322554009e+00,7.621926035828451518e+00,1.105661264232285212e+01,1.193499256148829346e+01,2.389639602312251654e+01,-1.576921121378771318e+01,2.345785541763450865e+01
3.183886329785367675e+00,8.091577156806941673e+00,1.213115617189585294e+01,1.281487822529668463e+01,-2.528824909064422499e+01,-1.718706030596277046e+01,2.668215227454976812e+01
3.109070201410933265e+00,7.809324828887667103e+00,9.546581148228261426e+00,9.623952303814190756e+00,1.921207651325000398e+01,1.388652838097381448e+01,-2.015103150343453819e+01
3.191434860549147601e+00,8.023878196784947292e+00,1.122990781250745407e+01,1.420285650442503922e+01,2.713445450326410224e+01,-1.965438474641143429e+01,-2.701997069442121813e+01
3.191128491647996945e+00,8.475202124591383779e+00,1.173606874276381262e+01,1.356204902582057414e+01,-2.672805705878170812e+01,-1.812320363532231937e+01,-2.623218255326195347e+01
3.194045477468712146e+00,8.236699728031227963e+00,1.210516510957755720e+01,1.343093126006277238e+01,2.642354769821662330e+01,1.775851474151631848e+01,-2.629437457258846678e+01
3.183657344764691643e+00,7.856617502872706105e+00,1.115314305240351445e+01,1.242958882332964343e+01,2.423542304232388389e+01,1.639306831477551896e+01,-2.481631742477259195e+01
3.088979796591657667e+00,7.489750514216882316e+00,1.012641307189813489e+01,1.004540884970634451e+01,2.013143345475512902e+01,1.379038869311364657e+01,2.177198006115603945e+01
3.184711840428810614e+00,7.979098504742265341e+00,1.127693576087700755e+01,1.209422663910456208e+01,2.379122463924241160e+01,-1.750716051461309775e+01,2.442509618765049950e+01
3.172367841413870959e+00,7.642015523538549182e+00,1.088261417712737078e+01,1.127196329596515767e+01,2.237066666505646140e+01,1.533084040053877573e+01,2.286289320584285889e+01
3.130914712417224965e+00,7.243408395885941431e+00,1.035262930768848300e+01,1.047425931992906278e+01,2.088920828578509159e+01,1.448049287579414290e+01,2.196811464297498162e+01
3.156527637142849230e+00,7.469654569041692227e+00,1.141176200179857680e+01,1.230622649371457200e+01,-2.419128424386277132e+01,1.631972523516041562e+01,-2.463848293173094106e+01
3.157921433605074490e+00,7.396330323688165898e+00,1.070201218710333002e+01,1.116877171329506702e+01,2.211747276386848782e+01,1.496740360031749084e+01,2.271708703386337902e+01
3.192336362204692080e+00,8.244791345400065197e+00,1.177393947663278340e+01,1.358205921954195183e+01,2.644323612159276493e+01,-1.773296785717815638e+01,-2.638218771412487840e+01
3.176725254339225035e+00,7.923600072255108984e+00,1.114244155613709530e+01,1.298344079302011167e+01,-2.550808813771815053e+01,-1.701220958985457443e+01,-2.507396439460828219e+01
2.952732978312176293e+00,6.658770647265550124e+00,8.099266402975816348e+00,8.147058498474921251e+00,1.627069329607693149e+01,1.150405693370606386e+01,1.760170371366452713e+01
3.174803039710697217e+00,8.540178435505840326e+00,1.107812979100067174e+01,1.244608167346444461e+01,2.443054102718712528e+01,-1.671692632219958696e+01,2.430481394327460620e+01
3.144697486733977421e+00,7.675987345613352275e+00,1.036083337035510965e+01,1.054586519726701610e+01,2.107526885725057042e+01,1.564380890702914861e+01,2.126394795769295598e+01
2.302288918980759824e+00,4.694157746745658777e+00,6.502982788700379935e+00,6.512979789361784455e+00,1.302096339882736764e+01,8.860264722661925774e+00,1.550655473944462592e+01
1.849627997207554886e+00,3.740972335435034601e+00,4.792795672920205696e+00,4.801511730873339268e+00,9.598665465679859565e+00,6.671997975047459839e+00,-1.300838032301004787e+01
3.169373756115240859e+00,7.688052756810263233e+00,1.121947433957316065e+01,1.377993562257474203e+01,-2.628389005120874700e+01,1.810420017282071470e+01,2.713597278317122985e+01
2.855301646573257912e+00,6.124933879252462354e+00,8.944543736172793302e+00,9.369440269969508961e+00,1.852698897264853883e+01,1.245780515208224415e+01,1.982227726349418973e+01
3.189747670964680815e+00,9.354743650712215697e+00,1.144712122210719230e+01,1.294685551822886715e+01,2.555098756649783809e+01,1.768139511093876592e+01,-2.517999454610113474e+01
3.200606532936371096e+00,8.483564806673191683e+00,1.224968536710042954e+01,1.435105710200530460e+01,-2.783668606610963892e+01,1.941744024728502893e+01,-2.777200020395140356e+01
3.179662444557497025e+00,8.639733403579876736e+00,1.140230803522539027e+01,1.265654259548367477e+01,2.487732118496154499e+01,1.713232496189354137e+01,2.480212270156599530e+01
3.164858517671140792e+00,7.918269275869739054e+00,1.138540195153651879e+01,1.153814670149007426e+01,2.308962069897355818e+01,1.604773401307895853e+01,-2.323521089650306592e+01
3.098543898449825917e+00,7.442787355587221931e+00,9.647853068299147239e+00,9.918297782075237379e+00,1.970212639506105390e+01,1.364107598875736826e+01,-2.093167521213442939e+01
3.183903250018768283e+00,7.857087834142235216e+00,1.301731917255988691e+01,1.305454255404398722e+01,2.611052132650906543e+01,1.698473433816370104e+01,-2.661776287129426422e+01
3.157907819873289501e+00,8.109810900896702535e+00,1.082272499467613791e+01,1.150908690615792374e+01,2.267837032385593687e+01,1.558332311181358776e+01,2.358076098392837494e+01
3.064084064029867438e+00,8.147424289470269088e+00,9.348534437712014977e+00,9.419485540182174432e+00,1.880356144618413694e+01,1.356175109896384967e+01,-2.056240674708690008e+01
3.174960951083310778e+00,7.877517650867914334e+00,1.107691374590112687e+01,1.168867293557648068e+01,-2.337887055931937397e+01,-1.595392128989317193e+01,2.313185179597231667e+01
3.147223244389558694e+00,7.533508762238534828e+00,1.027059738331286987e+01,1.159903643789696481e+01,-2.254735336601761020e+01,-1.536592059097566221e+01,2.314377837961505691e+01
2.751976269234062134e+00,5.896139456144647184e+00,8.593270599684146305e+00,8.415780868388823777e+00,1.692502433274750828e+01,1.136548037073323947e+01,-1.775417179878026275e+01
3.055694713454096156e+00,7.660451172110971818e+00,1.030957890306791391e+01,1.008019111276874646e+01,-2.054876441219618144e+01,1.394632616338241604e+01,-2.034748194344872729e+01
3.146310405796548082e+00,8.106245670577711948e+00,1.074826965696034797e+01,1.136595445635648538e+01,-2.277360828807168147e+01,1.542497236872330646e+01,2.247125812792577548e+01
3.194729206292409973e+00,8.498303684219720822e+00,1.128300617390793725e+01,1.234462974126998880e+01,2.420157598496862406e+01,1.673911383483847004e+01,2.453065110692788053e+01
3.187254755089794056e+00,9.142018366866482282e+00,1.108902702052132838e+01,1.341298093546347658e+01,-2.601667539896222792e+01,-1.800176480650377897e+01,2.571164588848315091e+01
3.177095586250094250e+00,8.058630133217276281e+00,1.162449196508982752e+01,1.220055857683215628e+01,-2.511525391950141284e+01,-1.637178315002503126e+01,-2.411524444083834595e+01
3.113503500122251744e+00,7.503055843660109581e+00,1.027131333178402883e+01,1.078080358611617484e+01,2.156368421749780850e+01,1.461319738378053756e+01,-2.138632227983025302e+01
3.178848679787392051e+00,8.041213365748015818e+00,1.140267275333741992e+01,1.262934195394902659e+01,2.502735831616142903e+01,-1.677085291938039546e+01,-2.468638127531200865e+01
3.192695597854854572e+00,8.518499403335074049e+00,1.156639917261633066e+01,1.314107195119043148e+01,2.628305647079488239e+01,-1.740178882855916598e+01,-2.550064302342475386e+01
3.129468392137112254e+00,7.897483550257937246e+00,1.077530753468866287e+01,1.109470371356137441e+01,2.213805970694322056e+01,-1.536683813350687267e+01,-2.223259847978504311e+01
3.095816885013293440e+00,7.758581918821033874e+00,1.020730557532341187e+01,9.825081034845918992e+00,1.984626991464337209e+01,1.370855940583359533e+01,2.066285176727425466e+01
3.057398166358801905e+00,6.812658302238004282e+00,9.974715937165566260e+00,1.091635707432680746e+01,-2.189566184556371553e+01,-1.481916294268207679e+01,2.138132498948034765e+01
3.163878254616773855e+00,8.017388683840325214e+00,1.066949801641327689e+01,1.187671750828169515e+01,2.319290348036303939e+01,-1.603214815020099948e+01,-2.352225674507205966e+01
3.183558136192639498e+00,9.032340564765284796e+00,1.093628100500709799e+01,1.314719262851121151e+01,-2.611275675272424834e+01,-1.898976099910838400e+01,-2.519203544921110094e+01
3.172550160826795196e+00,7.744122601180491117e+00,1.075500854847971510e+01,1.165397995153851696e+01,2.310585965873223557e+01,1.623429629855144896e+01,-2.294223836117271631e+01
3.113310691361543370e+00,7.025194902120292184e+00,1.037361138417895212e+01,1.115297285763163870e+01,2.215779466907428841e+01,1.482378953936456867e+01,-2.200284116254572098e+01
3.179775765584399672e+00,8.285228233255011787e+00,1.203427929427046195e+01,1.322450642405977916e+01,-2.598376563255084903e+01,1.836699920343098213e+01,2.602723474780364654e+01
3.183006291823351486e+00,7.618290170622822544e+00,1.097694034737192048e+01,1.275363645405057866e+01,-2.512707335109334750e+01,-1.690913397049100197e+01,2.464091680174731991e+01
2.882444864989283317e+00,6.411720371987503775e+00,8.498907632348039698e+00,8.424332819507561965e+00,1.688630849429419456e+01,1.164136023106243378e+01,-1.827911934130695215e+01
3.181174932250625531e+00,8.316788983941220792e+00,1.105917860514183104e+01,1.222037234331551225e+01,2.392700101218384390e+01,1.741495249697372927e+01,2.414853357827091784e+01
3.191244894885184813e+00,8.308164808568813342e+00,1.265726657028361757e+01,1.323485352521509739e+01,-2.622586058532978015e+01,-1.755561956412968172e+01,-2.654502631386140976e+01
3.192006031092590401e+00,9.684517338291792399e+00,1.160332554352165424e+01,1.310860667162645576e+01,2.560839319318200324e+01,-1.797680622189862731e+01,2.562199533625204495e+01
3.182987238584146450e+00,8.679873845739516369e+00,1.092793227213197227e+01,1.220415978853523775e+01,2.427619334051543376e+01,1.655995745684861831e+01,-2.379242936178422241e+01
3.187897314017711814e+00,8.360764242342257901e+00,1.174914369059552754e+01,1.180726872328816413e+01,2.403283505848802903e+01,1.650342682206030176e+01,2.361507538013250951e+01
2.954583476194598379e+00,6.725407902443127028e+00,8.351820427993908780e+00,8.390541288127872477e+00,1.676172771650772475e+01,1.175343083063605931e+01,-1.905716205718539769e+01
2.962387400651684377e+00,6.603786775674631571e+00,8.683237168907851355e+00,8.812777583798103720e+00,1.756078503792411283e+01,1.211682309508367794e+01,-2.078374764356933824e+01
3.191011275902555955e+00,9.493803206416739471e+00,1.197827011072259573e+01,1.260889639053733369e+01,-2.498522149501160428e+01,1.764779137086289751e+01,-2.515205302221650996e+01
3.033222257473435768e+00,6.790742736191158535e+00,9.321630591159856039e+00,9.477099632899211201e+00,1.887649385993712059e+01,1.287329564593429865e+01,2.081279800040412908e+01
inf,inf,inf,inf,inf,inf,inf
3.136714470124138732e+00,7.835438876261275887e+00,9.358511680990535098e+00,9.487366565295026533e+00,1.891104012784643729e+01,1.340730794749356214e+01,2.014607197633968028e+01
3.065303410406069240e+00,7.292777734817907032e+00,9.483895257331816708e+00,9.173899217015932805e+00,1.850687625953681703e+01,1.282087865229635248e+01,1.936789059944413438e+01
3.076814627685953152e+00,7.644918540757917214e+00,9.322982783964254949e+00,9.365629253675031407e+00,1.871613547286711920e+01,1.319264824086366339e+01,1.948520229169512064e+01
3.130823012809849537e+00,8.428420131791927616e+00,1.119228729948244272e+01,1.085324485439534747e+01,2.189827356344761000e+01,1.592690087481854988e+01,2.238163605715850224e+01
2.935811898173957601e+00,7.124864738770193107e+00,1.016850282389323823e+01,9.540692330191596682e+00,2.227530452876862910e+01,1.310323875699753771e+01,1.939529028456759008e+01
2.990534115908076274e+00,7.319455537707410642e+00,9.588664800881526062e+00,9.702411896986387063e+00,1.947074765308155264e+01,1.337165670227991754e+01,1.953024575176526767e+01
inf,inf,inf,inf,inf,inf,inf
3.197331818622690669e+00,8.722557252756773849e+00,1.201979635366861565e+01,1.353968324864698225e+01,-2.673987639502238522e+01,1.806556983954541451e+01,2.635324769856088878e+01
3.129897174004891536e+00,7.643950436992771991e+00,1.038123902200906734e+01,1.021937038834121836e+01,2.052275065556001010e+01,1.404885496727304783e+01,2.144562597107191237e+01
3.157923412019842058e+00,7.545704765535814040e+00,1.061759162253152944e+01,1.110566566525453958e+01,2.197274534812929048e+01,1.487873333745423743e+01,2.277015164104296119e+01
3.096000056978678749e+00,7.489975986420049026e+00,9.957432359144831935e+00,1.026796021484097388e+01,2.038400636477540573e+01,1.408692569138914585e+01,-2.128819291870987129e+01
3.149222559753137141e+00,7.710431416389631032e+00,1.040863945148991121e+01,1.075645694707209721e+01,2.133935026488270026e+01,1.470258502814727919e+01,2.273857070187101925e+01
3.170013896043242685e+00,8.420238116084778568e+00,1.087097679864736754e+01,1.199929755047239510e+01,2.353592106797269778e+01,-1.637306521679052906e+01,2.364837855235191455e+01
2.915490185086074604e+00,7.391502709231577484e+00,8.593268628975261336e+00,8.841579214174448254e+00,-1.807006675833127574e+01,-1.254814395342770972e+01,-1.758068667592339906e+01
2.678793433961523807e+00,6.043309741618874575e+00,8.812862072203605734e+00,8.361074542498952766e+00,1.818114421263837954e+01,1.138287454993127312e+01,1.694878637369648899e+01
2.842418750392030624e+00,6.628139881174136328e+00,8.934101979018713280e+00,8.991371576658609754e+00,1.827172712046648684e+01,1.232491171182611822e+01,1.801131828028756843e+01
3.193182169107012136e+00,8.070123401741158276e+00,1.191040253469189381e+01,1.386542266129429812e+01,2.675434118723503829e+01,1.807526106927593545e+01,-2.792093174976713854e+01
3.189171588691044779e+00,7.810197206238555623e+00,1.223083687190112201e+01,1.262009631384312591e+01,2.547664454108884158e+01,1.670891897682774641e+01,-2.507764623564353812e+01
2.620546978539754157e+00,5.358861125030289330e+00,8.331496505948353004e+00,8.415703242503324688e+00,1.678988039195172632e+01,1.109962934913541588e+01,-1.807727738951960461e+01
2.704368683579643662e+00,5.684973815314221746e+00,7.751847539209293814e+00,7.737182724195018402e+00,1.548170819944935239e+01,1.057971568195371326e+01,1.764274533067405315e+01
3.199503873190497227e+00,8.661767570606853539e+00,1.345520345101140869e+01,1.572970875753765441e+01,-3.057751255547209723e+01,-2.040376252387504863e+01,-3.040227979983225026e+01
3.184581439270553371e+00,7.841921581515109096e+00,1.145823984020213437e+01,1.184773274177163493e+01,-2.439813319391800661e+01,-1.576929097596791784e+01,-2.350423004443887720e+01
3.187707903438669277e+00,7.735352661926117257e+00,1.262869379431079864e+01,1.226319324345245576e+01,2.553835069523691104e+01,1.640232539498037312e+01,2.471395777803687466e+01
3.172934784984792866e+00,7.908091776564728725e+00,1.063110733404185204e+01,1.125371922860245100e+01,2.219617900245544462e+01,1.525461541069557470e+01,2.403084131966917880e+01
3.189754125582627609e+00,8.810821475359221111e+00,1.105863423018177549e+01,1.094576204807413156e+01,2.194857448154165880e+01,-1.539520106977467684e+01,2.322245616301939819e+01
3.188145667511062875e+00,7.859408954870983344e+00,1.273198840360524642e+01,1.304161100605487889e+01,2.606590032275297730e+01,-1.697131693803753194e+01,-2.609278255028362636e+01
2.070535717108419327e+00,4.303043181976913267e+00,5.636708739591141715e+00,5.437672004019377781e+00,1.097521489513814252e+01,7.589203746648914617e+00,-1.236982431160129714e+01
2.488094906228838887e+00,5.255837787456237642e+00,8.004964305091311516e+00,7.744145989021570031e+00,1.566848230004331022e+01,1.037261748367487080e+01,1.596296104516519598e+01
3.191015952214009133e+00,8.259718978037946968e+00,1.179153556381365320e+01,1.246166271244603685e+01,2.459007488938036445e+01,-1.659226388638060001e+01,-2.562834134735797065e+01
3.180782689120683404e+00,8.215568750824761679e+00,1.148091148300181707e+01,1.156683076774682561e+01,2.311250280923347944e+01,1.567471294687502947e+01,2.360065094704729916e+01
3.193244109496656158e+00,8.107390487685963265e+00,1.150598068334898194e+01,1.227360016421218170e+01,2.417278806187955809e+01,1.658591697674156507e+01,2.484994397363229979e+01
2.896524017965080855e+00,6.705537583667935841e+00,8.339755387343309678e+00,8.994307950350522773e+00,-1.804014814749805851e+01,-1.259010434026734870e+01,1.770304322753283444e+01
2.705465992505101003e+00,5.727997705135069673e+00,7.557158149306112627e+00,7.596420892212988996e+00,1.517339660576885763e+01,1.046988146238866868e+01,1.670669922334109714e+01
2.313201209768254607e+00,4.824887486725288888e+00,6.595386315342711470e+00,6.659160634485056462e+00,1.328643628212667238e+01,9.072909715105483386e+00,-1.578630969971245790e+01
3.144324397605357646e+00,8.227424225007478498e+00,1.030787843653455127e+01,1.046789539097657773e+01,2.092270319246097188e+01,1.458164556596884509e+01,2.114398041306524689e+01
3.068063944324281422e+00,7.527507707542447690e+00,9.425179003876612782e+00,1.017339450535735423e+01,2.016653596460464826e+01,1.416245358909671204e+01,2.008708402994437492e+01
2.569430397779172370e+00,5.408733949734197743e+00,7.324442497503272698e+00,7.261859824639002703e+00,1.455738737226848656e+01,9.966302726835314374e+00,-1.553661670961282226e+01
3.025094126310999609e+00,7.269679761386793615e+00,9.158219420713326286e+00,9.135009648770449076e+00,1.832683640790006763e+01,1.285670601546735270e+01,1.864458742309822270e+01
2.916992530123223126e+00,6.596484121330081329e+00,9.213745031612257108e+00,9.997147366416328396e+00,1.961306398147179308e+01,1.362232847430916216e+01,2.026620292637815979e+01
2.731350041501719783e+00,6.558412818486636375e+00,7.848294110870807749e+00,7.898896086502904090e+00,-1.642126267453130950e+01,1.150118270214045246e+01,1.578372153508105669e+01
2.716985525604129759e+00,6.688441489783546245e+00,8.020735277226544113e+00,8.484155009681749959e+00,-1.678013736945540657e+01,-1.192724771482726354e+01,1.710695200159695162e+01
3.185265415437863901e+00,8.210059436233301255e+00,1.315553419195149054e+01,1.258657574481473596e+01,2.602466526153391158e+01,1.678131491491966187e+01,-2.547419386946092601e+01
3.193492638829360075e+00,8.124955952377042934e+00,1.100976597600806173e+01,1.326957827718941552e+01,2.541140693570750031e+01,1.760345978872916461e+01,-2.641182698988106736e+01
2.863472163058434994e+00,6.033912753804330897e+00,9.117110534263039412e+00,9.187181316423508548e+00,1.834179151569392019e+01,1.220987665747971462e+01,-1.931309088027949628e+01
3.057515926888348279e+00,7.878404715396878366e+00,9.520447254331905640e+00,1.038948177868197753e+01,-2.056001490570772106e+01,-1.435077324976351143e+01,2.044497037452045163e+01
3.185397894678621000e+00,8.668336917528785435e+00,1.117275699983705550e+01,1.146697198759221870e+01,2.290003407745764363e+01,1.588039820805818358e+01,2.298244066032570032e+01
3.174362072534263390e+00,8.248025068482816025e+00,1.111034052809293371e+01,1.104841025127890575e+01,2.212870679047175670e+01,1.518525037226624619e+01,2.331445814873569589e+01
2.950438727251203819e+00,6.609682255292216091e+00,8.885740152083334564e+00,8.737718657655443977e+00,1.754945666843625318e+01,1.204960723260487043e+01,-1.975043108745505904e+01
2.623493178653256930e+00,6.781653839570589426e+00,8.107033821103904359e+00,9.418934142087939776e+00,1.961657473218016179e+01,1.309166292910597917e+01,1.818221170921688667e+01
3.154960147994237740e+00,7.397810290302022196e+00,1.127912576724966165e+01,1.217439372367970130e+01,-2.450765654404792571e+01,1.588870577658840588e+01,2.391487483292500826e+01
2.864075283484869949e+00,6.378573314526411409e+00,9.652912457022205572e+00,9.580250515113901244e+00,1.995671967192800977e+01,1.278442992929495858e+01,1.920349430204767316e+01
3.177318824293469124e+00,7.868395011006687589e+00,1.068597237709553127e+01,1.267606699602475473e+01,-2.474012470848663270e+01,-1.661054684233196710e+01,2.439790523450698601e+01
3.190639157308826412e+00,8.586601629150516501e+00,1.131845350555100360e+01,1.320052659100917758e+01,2.586260717353877325e+01,-1.763699900346724192e+01,2.549700236381660901e+01
3.093865616551983333e+00,7.537132143881500213e+00,9.942029970297699748e+00,9.765784150781424700e+00,1.964627654204289442e+01,1.361031804432079362e+01,2.008890439939158767e+01
2.056246648740048588e+00,4.316606698942222486e+00,7.053170247230621470e+00,8.727331195045351819e+00,1.676102802045673457e+01,1.100924687519501077e+01,-1.677540369011511956e+01
3.171947144462253565e+00,8.114427164592733277e+00,1.120751867692559323e+01,1.101853359183694536e+01,2.229216281501128094e+01,1.527281452921906890e+01,-2.227243456648990971e+01
3.055321641651642661e+00,7.229992105032055250e+00,1.029628135764322394e+01,9.890196312214053265e+00,2.004820372379971971e+01,1.356139333782670953e+01,2.027771007328984609e+01
2.893201853060854312e+00,6.770086398005375372e+00,7.347429813004928256e+00,7.320846293616475542e+00,1.465830839866630342e+01,1.070588960177260951e+01,1.556418752295628138e+01
3.166868713556183490e+00,7.857278931081343565e+00,1.224286335622542410e+01,1.277796630284017709e+01,2.528923710619325504e+01,1.768676334467799549e+01,-2.649095589545952834e+01
3.147561585516006399e+00,7.792048805014132107e+00,1.087988218813712038e+01,1.064088464855434779e+01,2.153009529295005464e+01,-1.459678818180994320e+01,2.157587973641780366e+01
3.101698459007833808e+00,7.442750762982193180e+00,1.095890404698036136e+01,1.089144105892190417e+01,2.190820574818807742e+01,1.501223156132079417e+01,-2.204825040158124239e+01
2.663562364765097890e+00,5.998681366839271334e+00,7.629716850722831900e+00,8.301392001980739010e+00,-1.698835988016795895e+01,-1.179139506500574086e+01,-1.627492418422894005e+01
2.169652896896094418e+00,4.442794969180648756e+00,5.977745985241026183e+00,5.994241209109286039e+00,1.198024886906404163e+01,8.215919061100644072e+00,1.407458341032584848e+01
3.097801647178322959e+00,7.478459194909582664e+00,1.009789595467159806e+01,1.078136686146427436e+01,-2.166973499127617941e+01,-1.493790849386090613e+01,-2.125039840596283014e+01
3.001028611463794515e+00,6.747093155878676640e+00,9.319267966750352628e+00,9.364771773065740490e+00,1.873904992660444790e+01,1.281212559104381832e+01,-1.913677767935165974e+01
3.196127106703594123e+00,8.687424366987286817e+00,1.157968283182538016e+01,1.292573934214102493e+01,2.566057563666841546e+01,1.750242012429342253e+01,-2.520340922688206220e+01
2.806522916023023839e+00,6.802213520939639935e+00,9.127136586279338104e+00,8.539600407992287145e+00,-1.737438994990372620e+01,1.199627225760175264e+01,-1.846575231670089678e+01
3.095661527058792828e+00,7.544746283114633911e+00,1.027677283887608084e+01,1.005756219807507179e+01,2.022477130443259341e+01,1.383438871837132744e+01,2.208364426675360548e+01
2.378472200555920235e+00,5.096019288685607940e+00,8.134780020351932706e+00,7.951722048805668130e+00,1.622418523794931389e+01,1.069108086458680518e+01,-1.608784833731085229e+01
3.187203515531991105e+00,8.578486064659976762e+00,1.258333655260527451e+01,1.312077720644665924e+01,-2.690789503747068778e+01,1.769487520240725686e+01,-2.597578242496211942e+01
2.670426859359287253e+00,5.725202947616184090e+00,8.822437205510883729e+00,9.100658402457353802e+00,1.824436504892932831e+01,1.196863852786823124e+01,1.818510758084412160e+01
2.606062130718584058e+00,5.827828629615823708e+00,8.428869214000554777e+00,9.063123589599385355e+00,1.868322136515124754e+01,1.208156695240738898e+01,-1.781303252633493628e+01
2.707595062409270170e+00,6.002203817077583103e+00,8.646912877511324425e+00,8.606711491042872808e+00,1.733196523955041002e+01,1.179381110959751489e+01,1.745267605677620892e+01
3.170767417222567719e+00,8.180738827788502476e+00,1.057364745828208896e+01,1.056715131584653555e+01,2.114245820909755835e+01,1.474149553129816681e+01,2.196294656474168505e+01
3.106739551692854651e+00,7.730683812080241246e+00,9.618274292333000020e+00,9.636074303011666231e+00,1.926535893929781906e+01,1.350789855987548727e+01,2.027050400051017576e+01
3.191321232194676227e+00,1.099419995172767450e+01,1.136262422328642252e+01,1.286877844604356547e+01,-2.500112969039745536e+01,-1.840896063955386808e+01,-2.555042276142950186e+01
3.170647852837124692e+00,9.501846815108113020e+00,1.223173821103080172e+01,1.132692180014693761e+01,2.339416458168008006e+01,-1.610763850153542265e+01,2.317327577599562360e+01
2.737339748207731294e+00,6.098303707459254319e+00,8.956915082041634335e+00,8.882849671422274440e+00,1.829380022848300058e+01,1.193277649099174376e+01,1.782662628182913878e+01
2.830129293075185792e+00,7.002405043836511744e+00,8.891277685335513326e+00,9.539701026503704995e+00,-1.884405742212960888e+01,1.325152594605691547e+01,-1.899211745259415807e+01
2.680963645623891001e+00,7.325894327614338231e+00,7.418167354039616690e+00,7.512845668626876972e+00,1.519084840016832771e+01,1.127705425605926948e+01,-1.508070558644250525e+01
2.746937829003066600e+00,5.820146517936126251e+00,8.784848755241700502e+00,8.753902522262826835e+00,1.753209863352035569e+01,1.166796933579102813e+01,1.822330470145162096e+01
3.130490143333835462e+00,8.454103841331647828e+00,9.989436561957264260e+00,9.837247769530698349e+00,2.000215495198630933e+01,1.411391072436966532e+01,-1.983241421990451769e+01
3.139809409284199493e+00,8.190786661611500818e+00,1.103860966565352086e+01,1.050397445724662226e+01,-2.146188859798377280e+01,-1.514976896888269131e+01,-2.139483103094980976e+01
3.159284866559471716e+00,8.452566257644281933e+00,1.079485147401537226e+01,1.170326422703343461e+01,2.301330853452627068e+01,-1.598295836367083567e+01,2.325786255433548533e+01
3.189413118855874085e+00,8.483859978839356941e+00,1.281096872719168367e+01,1.284528898678803976e+01,2.567439106040492902e+01,1.718004872334911681e+01,-2.684817666813162873e+01
3.140916693926910863e+00,6.978903114256258533e+00,1.047915106291821985e+01,1.198791956660196156e+01,-2.350509406822559555e+01,-1.568138044066928494e+01,-2.329004510152121910e+01
3.108117902533163779e+00,8.316576030064531722e+00,1.018130595844544750e+01,1.099060695617971462e+01,2.157673933164694446e+01,1.534023025531114470e+01,-2.312237319409952363e+01
3.123671070136023964e+00,7.527427407055877318e+00,9.646089119968589642e+00,1.009818424588949703e+01,1.997043248949469785e+01,1.386335890136545146e+01,-2.161499829568218090e+01
2.704915364008359635e+00,5.802257817954733277e+00,8.006918096846328936e+00,7.992064066852847759e+00,1.600705899900602347e+01,1.089404699935451504e+01,1.657241832784099600e+01
3.198417780230427443e+00,8.882336411373847440e+00,1.151014206616644486e+01,1.387286184366537611e+01,2.660576742842297548e+01,-1.919161443319200444e+01,2.694459472639869801e+01
2.967897582086867825e+00,6.668920599490157031e+00,9.468456310298636325e+00,9.710394368138018706e+00,1.930930349045925709e+01,1.305505889638491190e+01,-1.998443069222969015e+01
3.179792568908892392e+00,8.305524371711948461e+00,1.080002227919188229e+01,1.304699770688928773e+01,-2.502790856358985394e+01,1.748342863979734219e+01,-2.528749421940563025e+01
3.162819833269424397e+00,7.814213101437537112e+00,1.061321781756562466e+01,1.072175224449338593e+01,2.138927108593097515e+01,1.474346270504998202e+01,2.329310613199889701e+01
2.549822561035805624e+00,5.265878501116222132e+00,6.955244261358221713e+00,6.983428432808224784e+00,1.395276483420369651e+01,9.617522070455935435e+00,1.725369307520559303e+01
3.018577575144227865e+00,7.124735753430682550e+00,1.054005972477792419e+01,9.645978012907155730e+00,2.024508672589382030e+01,1.328977098129304046e+01,-1.976120940090297751e+01
3.187210350226346911e+00,8.986761720670756404e+00,1.135976865746309983e+01,1.245182599898664932e+01,-2.437480745541860117e+01,-1.731348009379220088e+01,-2.491697213830500601e+01
3.152805373755377172e+00,7.117859213074709146e+00,1.128298372333465949e+01,1.212652658136398642e+01,-2.403491157725195748e+01,-1.576538771913545744e+01,2.393915419183052151e+01
2.899171118520261992e+00,6.817293938151270716e+00,9.487663116981694955e+00,9.386119859307004987e+00,1.942726283594099357e+01,1.286838530572026329e+01,1.883688039283657290e+01
3.144169185963950230e+00,8.527626949817191715e+00,1.020380175924974964e+01,1.059714444887490181e+01,2.100173404153728285e+01,1.493062674786494526e+01,-2.186078624501082501e+01
3.201524263148565641e+00,8.659360399387017182e+00,1.186752091868272352e+01,1.469326731245969775e+01,2.843734238445633622e+01,-2.101084065758081820e+01,2.800097776218683165e+01
2.836048107797152440e+00,6.077563049184863786e+00,8.705805181405644078e+00,8.940694931315773530e+00,1.776415111074818753e+01,1.198137891060585503e+01,1.927536189596811766e+01
2.961145861814884483e+00,6.713378897685653435e+00,8.568191002608530837e+00,8.731681509341651548e+00,1.738246123030546642e+01,1.217611303392626709e+01,-1.858738298900438934e+01
3.101745066811520513e+00,7.654291278901847129e+00,9.358076890973935136e+00,9.432735111777034831e+00,1.883047469561830667e+01,1.333409690144884152e+01,-1.981367244084145085e+01
3.195583590115373962e+00,8.750944386712404821e+00,1.115467452829749995e+01,1.401837721952539439e+01,-2.692790946810050912e+01,1.840883601635366773e+01,-2.666051492339328277e+01
3.177877507612075991e+00,8.319548672144087220e+00,1.162990091050938624e+01,1.206993319483384752e+01,2.392236384474320232e+01,1.628710339444299748e+01,2.488933514638093669e+01
2.940208315736454914e+00,7.999516016596201595e+00,8.895633597716503971e+00,8.931325541686389258e+00,-1.824941014256879512e+01,1.322440695993304516e+01,1.788141881104549924e+01
2.631621795319757595e+00,5.731269466822860537e+00,8.412990225060980265e+00,1.091480803780972586e+01,-2.142387490681483797e+01,-1.390441996291432325e+01,-2.058318313877699524e+01
3.055101993781561553e+00,7.945817783820280589e+00,9.638021629087733189e+00,1.211343796989770816e+01,2.321647095911070124e+01,-1.649345146478229296e+01,-2.308306881667346389e+01
1.582086494326505166e+00,3.663219058560443830e+00,5.399837331468241963e+00,3.910599434271443187e+00,-8.575716218491045595e+00,5.871408740502697121e+00,-9.241342846099966479e+00
3.183709438035368322e+00,8.392745300017477206e+00,1.112647267137471552e+01,1.149757485412652969e+01,2.285261808868086320e+01,1.570121950748838557e+01,2.318229797839896023e+01
2.789200590302529648e+00,5.972447125452443828e+00,7.765335821011294826e+00,7.810047846808203964e+00,1.559785131004157854e+01,1.079629331012750804e+01,1.724228350415217292e+01
2.786361066792865326e+00,6.015048214270938054e+00,7.980739288553150068e+00,8.068737299991168399e+00,1.609462571032869604e+01,1.107678874532839686e+01,1.723205672133710209e+01
2.395254834762737151e+00,4.972153342092344275e+00,6.544351213793964561e+00,6.513623407499776086e+00,1.304278445731805469e+01,9.000017014902667256e+00,-1.459112586678097045e+01
3.170144778489408122e+00,7.901593992015691015e+00,1.081577289971991185e+01,1.112501803561542424e+01,2.210429719879631349e+01,1.533557861921823928e+01,-2.279392053333563339e+01
2.536293011863278046e+00,5.339805381371375503e+00,6.887312283603929330e+00,6.773066527860148511e+00,1.360334640221291203e+01,9.443723326937270457e+00,-1.529342933957174289e+01
3.123667374298070953e+00,8.804213221000022571e+00,1.082069544896869751e+01,1.090297580146358669e+01,2.253481011930676559e+01,-1.533742554599747088e+01,-2.177116614272418715e+01
3.186852885027959825e+00,8.567127640973858149e+00,1.117111563388368189e+01,1.142350222197517873e+01,2.423153571473403289e+01,-1.595580339691817251e+01,-2.272101793153307270e+01
3.028333291298173968e+00,6.956405505603389550e+00,1.008938573466964783e+01,1.000845184285977396e+01,2.075111583768394752e+01,1.351406535241147466e+01,-2.006645546707947858e+01
3.177320737435036069e+00,7.541370812017719416e+00,1.094286616584241045e+01,1.282456118820756608e+01,-2.552362755875201827e+01,1.680922242247745757e+01,-2.471341744886438008e+01
3.151667712883340133e+00,7.556231066471577940e+00,1.042252209128012552e+01,1.151283754659124448e+01,-2.250969669246911309e+01,-1.529160680506042880e+01,-2.293078320156253724e+01
2.381294155907077936e+00,5.478680624100979557e+00,7.048003915966795319e+00,7.339762816526078204e+00,1.681353286637206423e+01,1.027328996104242620e+01,-1.453365216670841065e+01
2.124690219993548901e+00,4.337795016580457741e+00,7.099970753082668118e+00,6.919546035745596235e+00,1.392930843178329603e+01,9.092187732703497005e+00,-1.629656547270216294e+01
3.193694808208835667e+00,7.892842252082538756e+00,1.177580496021659329e+01,1.386648764125673416e+01,-2.761488251741053901e+01,-1.824185240197006053e+01,2.669069104931742586e+01
2.478815536447365631e+00,5.104509681772293028e+00,6.479784903760243964e+00,6.482030457584652794e+00,1.296293958138123870e+01,9.034577808806943722e+00,-1.555166417230402587e+01
2.943198851725521425e+00,7.051014177188665855e+00,8.874252624832287495e+00,9.751918066362014414e+00,-1.908245391757380105e+01,-1.340532437407525812e+01,1.962114338635792521e+01
2.824618116641430365e+00,6.377107351039009941e+00,8.654694347917445185e+00,8.221248648167421180e+00,1.675501885822284365e+01,1.141066964084592072e+01,1.688305869493055411e+01
3.179573451365603542e+00,8.246157062024463968e+00,1.096818388425054280e+01,1.340542561185805503e+01,-2.562469809115775732e+01,1.784696443253114850e+01,-2.602091317663285608e+01
3.186717443200171473e+00,8.084373447532140489e+00,1.147063488712142565e+01,1.216762724937259499e+01,-2.425080092863134240e+01,-1.698559980876970243e+01,2.406310310729121937e+01
2.886542588926831687e+00,6.206905098284804190e+00,8.771091799862769989e+00,9.042662660649105177e+00,1.797234694190200344e+01,1.215151078256092276e+01,-1.845018620687845612e+01
3.124468492659115970e+00,8.143687420339889016e+00,9.290781280888028348e+00,9.206575921834343035e+00,1.845536038603664153e+01,1.327843220062574581e+01,-2.011131283765623934e+01
2.936091705155692733e+00,7.238731388735707206e+00,8.638138514941454460e+00,9.016559669810247257e+00,-1.832471663828390973e+01,-1.380923883656092954e+01,-1.786902856563700226e+01
3.181334804817055772e+00,8.287864723113987253e+00,1.134312588079273887e+01,1.210125429493506211e+01,-2.496650419750470462e+01,1.624543189472193561e+01,2.382457095952757697e+01
3.039011853966501864e+00,7.384647493448068367e+00,8.981965045566006722e+00,8.956658396879820572e+00,1.792644504484417567e+01,1.268504283156887880e+01,-1.925627138408488648e+01
2.682946749043066959e+00,5.849576606983445615e+00,8.833654595060156822e+00,8.291343891544173061e+00,1.702490607363789366e+01,1.122169635324275561e+01,1.698558759777051108e+01
3.071625008397537826e+00,7.074088849932984147e+00,9.716042985317521641e+00,9.848857826983895336e+00,1.963694776755486515e+01,1.338788760732942862e+01,2.042687742967839171e+01
3.179451540772659790e+00,7.829230424354829410e+00,1.074741271224680972e+01,1.176341743079939839e+01,2.411756533276454206e+01,-1.572849220909779433e+01,-2.302021501918827795e+01
3.181771577032351583e+00,7.584582606219323786e+00,1.128490672874341882e+01,1.424841841797237585e+01,2.711262747410277996e+01,1.964925379853222154e+01,2.723580282497826843e+01
3.189917449021947515e+00,7.939008115743447114e+00,1.113946352709379894e+01,1.299935084467067092e+01,2.510351291723373279e+01,1.715092414839664769e+01,2.548377296796900637e+01
3.176324567823423983e+00,8.078323517474663262e+00,1.174179162168124080e+01,1.253064554706426748e+01,-2.497911588805914818e+01,1.681992953676167346e+01,-2.472571818598689575e+01
2.750575385517978866e+00,5.851722678592610194e+00,6.794433762304188384e+00,6.789817335968408862e+00,1.358257194738663287e+01,9.718512785635255113e+00,1.485128767512548542e+01
3.180465191966996841e+00,8.715569764015036469e+00,1.219336771056885205e+01,1.149217005609324005e+01,2.403007108086982413e+01,-1.585464125733493113e+01,-2.334396471531622907e+01
3.189570797614863729e+00,8.850366904118182276e+00,1.190393795153031320e+01,1.312522060951538450e+01,2.596183062401129860e+01,-1.755475037073394162e+01,2.569569732275001783e+01
3.169448927874184196e+00,7.637068499710495395e+00,1.115437532000578891e+01,1.189710317095387104e+01,2.351199542336561521e+01,1.578300608306874508e+01,2.365920508808447664e+01
3.144340926021417459e+00,7.157141397247929859e+00,1.140923012125254665e+01,1.195542450440896687e+01,-2.364629708103369055e+01,-1.553411930315617795e+01,-2.434452485860155235e+01
3.184448973145431072e+00,8.224163416941173921e+00,1.195490506665984043e+01,1.299132753399285356e+01,-2.549520209402611925e+01,-1.710960320074445207e+01,2.590403773855331337e+01
3.138650137985026234e+00,8.328131519784093939e+00,1.121173404116474615e+01,1.046207357756800960e+01,-2.158191394322769696e+01,1.528411340716918332e+01,2.136782918043180501e+01
3.153827704508703089e+00,7.491106315330551269e+00,1.059799720676423540e+01,1.126380000206385645e+01,2.222854582134282353e+01,1.511046355180435086e+01,-2.261501812040470583e+01
3.086500072611171763e+00,7.977340262369901680e+00,9.806798690242702676e+00,9.387528050084082309e+00,1.898470137273365310e+01,1.350690279031312713e+01,-2.115410776273908411e+01
3.076510369031193015e+00,6.937100408514561778e+00,9.911115605746756430e+00,1.023220867337458984e+01,2.032606078952820283e+01,1.374217235091261990e+01,-2.081017006341782505e+01
3.076163561466227492e+00,7.371615806550495975e+00,8.371599682074084114e+00,8.352548903863269203e+00,1.671465574492548356e+01,1.206350949591923083e+01,-1.862675385078239998e+01
3.045794513887970290e+00,7.167473286628693430e+00,9.389998872672938646e+00,9.519164354945010231e+00,1.898570880167579134e+01,1.310697039001208175e+01,1.960916006498749198e+01
3.199936193337446610e+00,8.511218232822686858e+00,1.221573847697071358e+01,1.409162780220836275e+01,2.750494091027776733e+01,1.903929549541100741e+01,2.732354202007836363e+01
3.160113707103136438e+00,8.127408669741654990e+00,1.039804171536533950e+01,1.062342692240348541e+01,2.113423809140196497e+01,1.470155291882475623e+01,2.285975456480921508e+01
3.190872772770888766e+00,8.625488972646744301e+00,1.179472475601312809e+01,1.308659679316939872e+01,2.576328135270792430e+01,1.770218631928215558e+01,2.561658281958955996e+01
2.810799278869814177e+00,5.884242446631741785e+00,8.381935568487808297e+00,8.490242823151014306e+00,1.692637376844084685e+01,1.143346057934622273e+01,1.878440456570948314e+01
2.910242204881393846e+00,6.724569029379253493e+00,8.434205109255321631e+00,8.968949878593026170e+00,1.805192470420080042e+01,-1.299727152287345255e+01,-1.771168678067113333e+01
3.084056997038262971e+00,7.679410652106112067e+00,8.557309155537881296e+00,8.483586189559632729e+00,1.700408948446324686e+01,1.238517967716101253e+01,-1.879981414478244517e+01
2.854857825822725292e+00,6.326555655097954478e+00,8.392916228985706439e+00,8.570720957884805813e+00,1.719852616653296806e+01,1.183242118226784712e+01,-1.720767938146742182e+01
3.196514168154087621e+00,8.150576723994699790e+00,1.269185491848452507e+01,1.407708862780922487e+01,2.755008491940242976e+01,-1.815646246306240030e+01,-2.769916640725509183e+01
3.194322770459900873e+00,8.106664554955006707e+00,1.168203870001259048e+01,1.306161024054953401e+01,2.555881486650837786e+01,1.711961087755744515e+01,-2.561237945867802424e+01
3.055952076261000183e+00,7.200395638470451942e+00,1.042556961665005844e+01,1.028881901437547342e+01,2.068964162060596479e+01,1.394368452775993816e+01,2.101595542295132546e+01
2.764925039953592734e+00,6.047325093404091412e+00,8.536451825368795099e+00,8.200880583549144731e+00,1.656971284185919302e+01,1.122775316569870441e+01,-1.812788249141019037e+01
2.570301198614663996e+00,5.469127210041824227e+00,6.038195620470424352e+00,6.044761556230059618e+00,1.208624022812179177e+01,8.779445342257897522e+00,-1.529366623381540258e+01
2.907276510538849390e+00,6.466633088936539764e+00,8.087234742734350945e+00,8.120291098568083399e+00,1.622406067543463948e+01,1.135727446285319431e+01,-1.848082082328164688e+01
3.183773632134525577e+00,8.006208178731103686e+00,1.112544259093609078e+01,1.306719996026566477e+01,-2.516470498336517281e+01,1.753128438819276980e+01,2.629586046140434874e+01
3.195017141207405764e+00,8.001113430212091870e+00,1.115124911182837586e+01,1.325356460395209801e+01,-2.595961929294374571e+01,-1.787125193808182644e+01,2.547844864950559085e+01
3.196423308813858277e+00,8.710215648475543304e+00,1.148800119146052623e+01,1.564915742906522844e+01,-2.946799515432176619e+01,-2.002620048875064995e+01,2.930016160201033060e+01
2.662482593136506814e+00,5.572360627699031177e+00,7.824330991210958430e+00,7.753249027070737931e+00,1.554210469703469144e+01,1.054408529382108028e+01,-1.730179586230575950e+01
3.187362863838612892e+00,8.076603191860062481e+00,1.160917117072443894e+01,1.298519643336332408e+01,2.591285495036855124e+01,-1.748923419210848706e+01,-2.529462620875290213e+01
3.184852471511746774e+00,7.961778295866277944e+00,1.156700862714847133e+01,1.332078394607385619e+01,-2.576867772631099385e+01,-1.754181331663552967e+01,-2.663415918109087599e+01
3.201362743567445435e+00,8.873485146413765179e+00,1.153797426811115834e+01,1.432088629409618363e+01,-2.745693747838817345e+01,-1.883947733982478212e+01,2.735628612275472449e+01
2.888115068225024729e+00,6.385492679028544671e+00,8.217710789834260510e+00,8.275073984640663127e+00,1.652150817889504353e+01,1.146798257499347073e+01,-1.837923984277864875e+01
3.187254662859117627e+00,8.575516777747862918e+00,1.183936507076342437e+01,1.258531385428736549e+01,2.518655305079515827e+01,-1.704019625977011287e+01,2.483727913518173835e+01
3.144911259300792405e+00,7.804061453074460530e+00,1.084473190985396407e+01,1.061307497914507536e+01,2.159631654901950171e+01,1.454271380238293787e+01,2.142254535503221291e+01
2.282706120592143506e+00,4.669976030875903739e+00,6.187093048565499132e+00,6.189010274705314174e+00,1.237706202341285078e+01,8.524009457595168371e+00,1.557549955293235833e+01
2.453608706677793627e+00,5.111269739873672613e+00,6.653479556320614385e+00,6.681800184955252853e+00,1.335001574465828789e+01,9.238771659227765554e+00,-1.463801100417701839e+01
2.607618084230422628e+00,6.035107475992889547e+00,8.366792122242467045e+00,7.529262291949514463e+00,1.690140068193205991e+01,1.056639767678593600e+01,1.547759770435686200e+01
3.171101032267606090e+00,8.441027061544083665e+00,1.163860521078416177e+01,1.423531872211195726e+01,-2.749507949655712835e+01,-1.859431314144895353e+01,-2.722795314141901102e+01
3.168432045135217034e+00,8.510111901652733124e+00,1.061196501069503562e+01,1.078073998660090993e+01,2.147932628862571391e+01,1.508984160469508140e+01,-2.247206311572642434e+01
3.062685331525376586e+00,7.049030910445277520e+00,9.665698445495317870e+00,9.971660976572078283e+00,1.982576852802121792e+01,1.351204205508799916e+01,2.020151864183631218e+01
3.133124684013701255e+00,7.683018474234686757e+00,9.862066196293350018e+00,9.996754997331583681e+00,1.992653083426743521e+01,1.429239943112668598e+01,-2.131343610601529548e+01
2.975468295929788010e+00,7.365060507156610647e+00,8.618999711658945628e+00,8.583291277127530705e+00,1.738741816989884015e+01,1.234668271265730688e+01,1.729272746934499594e+01
2.771065690443621499e+00,6.142776105318623614e+00,8.280927765665328621e+00,8.663270396187177980e+00,1.736992359416547060e+01,1.179848687660728146e+01,-1.722544642819784499e+01
3.192477242590292974e+00,8.342222378960093110e+00,1.140806478380824984e+01,1.174006615076755011e+01,2.332344365525450058e+01,1.597799923465557193e+01,-2.400262580475881080e+01
3.193230039135224629e+00,8.005090899894435452e+00,1.276136771316974716e+01,1.392901377578854039e+01,2.746088561805408546e+01,-1.814733515652701357e+01,-2.739372570431731901e+01
3.189224944475734791e+00,7.641765042926314422e+00,1.177420472395944806e+01,1.336818500256246267e+01,-2.704029868243907231e+01,1.828438281871956050e+01,2.594074849120210402e+01
2.783302680208839419e+00,6.223431490672102662e+00,1.018209010275375270e+01,8.691174683753398966e+00,1.822860701993955956e+01,1.206709040503335117e+01,1.834290790955335382e+01
2.665818744005543639e+00,5.710591583180821829e+00,9.007962258351820850e+00,8.507429794171956772e+00,1.726979203165458898e+01,1.141827759193855307e+01,-1.810134970908906737e+01
3.000735621859914382e+00,6.594357344635040974e+00,9.589254496264425498e+00,9.615586355003976848e+00,1.922393332886342421e+01,1.293475206559138613e+01,-2.000293956161266351e+01
3.066615388183490332e+00,6.897692782151950475e+00,9.679536015027338181e+00,9.821716558151257104e+00,1.957541662728730358e+01,1.327402921929855317e+01,-2.049841851075733601e+01
3.174619081551389499e+00,7.600017427469142994e+00,1.104565391959225984e+01,1.458259154882156139e+01,2.742476783680284669e+01,-1.840753019053791917e+01,2.785497328480035506e+01
2.999963912676400835e+00,7.356563441656329694e+00,9.298425752234102504e+00,9.725385137937079705e+00,1.930979946368375266e+01,1.350947884204445337e+01,1.951071868911047957e+01
3.188451198766028671e+00,7.742681880409732820e+00,1.151186324778610981e+01,1.269495912706946150e+01,2.485313083786957122e+01,1.662555887826771439e+01,2.512431884382500513e+01
3.139599042505272219e+00,7.545962925083943951e+00,9.972793082965409894e+00,1.117249730965864885e+01,2.179763633262988520e+01,1.585216528827310789e+01,2.207918396732472033e+01
2.709559286948962420e+00,5.663525790778565216e+00,8.260846430851660926e+00,8.330021847507051547e+00,1.662634815580596737e+01,1.116413904479911423e+01,-1.781905548281620355e+01
3.194623898622389824e+00,8.623403628503300666e+00,1.230288870212285879e+01,1.504672934805069850e+01,-2.904377886177372758e+01,-1.959175694317631056e+01,2.877737426354675776e+01
3.153335992884615191e+00,7.815585562146896592e+00,1.108014184221122278e+01,1.221919012494052659e+01,-2.400468130593032612e+01,-1.651121811809677098e+01,-2.403512722928524425e+01
3.167562049727831841e+00,7.577186315134835759e+00,1.165144643800157453e+01,1.214758551710847989e+01,2.423721079690502123e+01,1.609273019833185003e+01,-2.416414046815717853e+01
inf,inf,inf,inf,inf,inf,inf
9.698589230062595323e-01,2.037793322842701205e+00,4.327529087397786078e+00,3.623880783757233104e+00,7.601725215649968170e+00,4.645730121185344785e+00,8.603875975556018574e+00
2.062502234953648372e+00,4.315480273288082813e+00,4.951627847330824395e+00,4.957625293646349185e+00,9.912259341619472863e+00,7.120531010523497351e+00,-1.214375499888066656e+01
2.983129013378320149e+00,6.664527765730390740e+00,8.862864982747398201e+00,8.969909070855482724e+00,1.788658494169545676e+01,1.230416796715224059e+01,1.932448595721229623e+01
3.032854126825139218e+00,6.885808049627677896e+00,9.608366463639940847e+00,9.605805284460489091e+00,1.921751706248271674e+01,1.307508356058071541e+01,-2.005097885568933336e+01
3.199282156408588929e+00,8.328487321053033909e+00,1.260321840452638575e+01,1.444405294644034754e+01,-2.846845639149171348e+01,1.863719222247943819e+01,-2.799048222680172771e+01
3.194352120826089436e+00,7.896149428800576686e+00,1.205259000993128105e+01,1.316318023591191810e+01,2.579439885886463557e+01,1.711627789263336297e+01,-2.626701486210353309e+01
3.126274544351201001e+00,7.508536416540684932e+00,1.028559970566401027e+01,1.115369681415546665e+01,2.213187799902030761e+01,1.550058027203280453e+01,-2.195205368274774926e+01
3.163250146866333878e+00,7.616024564791138651e+00,1.210850349091143308e+01,1.347406949162452428e+01,2.651061866219091101e+01,-1.736066669672086960e+01,2.635012659326998374e+01
2.471536057317728741e+00,6.099617872351049463e+00,7.512059186079671491e+00,7.532811742892408624e+00,-1.646382169143783969e+01,1.100676960499125911e+01,1.505557829000208869e+01
3.202619277530101005e+00,8.711862872868831431e+00,1.230211231463206722e+01,1.483083589537552527e+01,-2.889889192646376515e+01,-2.004993462691996697e+01,-2.842001368537109940e+01
3.164645942376593357e+00,8.896003018243121119e+00,1.073903267644818982e+01,1.182445261277766591e+01,2.398696251059279305e+01,1.628570912199010223e+01,-2.310998847277110002e+01
2.775520976675456275e+00,6.016122046854412098e+00,7.814998628891240529e+00,7.839396317318906071e+00,1.566876017298103640e+01,1.085324085594899124e+01,1.666818566386086786e+01
2.237521701372799932e+00,4.652897650470920077e+00,6.421865236163294632e+00,6.530069713672766341e+00,1.300654214347874671e+01,8.866307915231729453e+00,-1.432304048466910018e+01
3.152369888681250121e+00,8.750485301741036892e+00,1.064877737321226192e+01,1.059635425606196080e+01,2.160690047461417151e+01,1.499872149566276036e+01,2.125873040241540934e+01
inf,inf,inf,inf,inf,inf,inf
inf,inf,inf,inf,inf,inf,inf
3.188888077054600867e+00,7.835358679039901020e+00,1.183944964268223288e+01,1.308648900001307780e+01,2.588407067211401369e+01,1.721570899288071388e+01,2.560179628966882959e+01
3.039100720300379699e+00,6.853503048207943316e+00,9.960408028658266133e+00,1.013813449398845279e+01,2.022053870076057436e+01,1.356813059380174735e+01,2.061200875733930360e+01
3.079745208192585793e+00,7.210396642726878191e+00,1.059102327486776751e+01,1.001045236719302522e+01,2.049479773323295717e+01,1.363224997388272719e+01,-2.043299528728304892e+01
3.169930983582017525e+00,7.689089571771667408e+00,1.128952541158479583e+01,1.190734992037161177e+01,2.350986004988218525e+01,1.583354243516678039e+01,-2.437126919157313765e+01
3.168779142591077402e+00,7.583516499785487142e+00,1.112475948274978599e+01,1.365077808181983698e+01,2.720364057534363056e+01,1.744458520729267903e+01,2.603956448053908801e+01
3.181881210736538623e+00,7.938127735233342364e+00,1.089118109146839153e+01,1.225759801440202956e+01,-2.423817868861892322e+01,-1.639889430464451436e+01,-2.386831121892056018e+01
2.879182478655893274e+00,7.067145443983781306e+00,8.837214708156945875e+00,9.474016660770416820e+00,1.888149534853986466e+01,1.301149735930591689e+01,1.871132039725615925e+01
3.040636285198232702e+00,7.255835042586239680e+00,9.550856859736336801e+00,1.099834754389853231e+01,2.157857372563332987e+01,1.492048358331414981e+01,2.133390913293750302e+01
3.174330939367123516e+00,7.433914981440405079e+00,1.130993931724113466e+01,1.460497404015470124e+01,-2.761045072470434292e+01,1.846948102736315178e+01,-2.791366449051439247e+01
2.182722551682692025e+00,4.578580557029638953e+00,8.192103128366056808e+00,7.203055996009708473e+00,1.496876685777066562e+01,9.495290002525111461e+00,1.518551506637088266e+01
3.188254513806807466e+00,7.658097705052521853e+00,1.179849000401165426e+01,1.322499343191080712e+01,-2.627622467865523248e+01,1.848258011941333478e+01,2.575563862303648222e+01
3.178878610072584543e+00,7.931328138792885341e+00,1.102451499280963176e+01,1.347452428805416602e+01,2.689513567647324521e+01,-1.780093094750825955e+01,2.572503375771232825e+01
3.179089754482024244e+00,8.107243421887933010e+00,1.151360711167044570e+01,1.208693510517690051e+01,2.416934657624644345e+01,1.621404656904608999e+01,2.395635581992439000e+01
2.819611539206145601e+00,6.360202312679438919e+00,6.580595124701027920e+00,6.598704395963357783e+00,1.318837595516471062e+01,9.781517544848208345e+00,1.518752523111314368e+01
3.022762634061955112e+00,6.859920161289863039e+00,9.750256857151425649e+00,9.585482036941648687e+00,1.927322073713807526e+01,1.301667399976944495e+01,-1.978249674954129844e+01
3.200440381727234662e+00,9.209909982217759250e+00,1.359204920712524967e+01,1.478759492702868705e+01,-2.912049985992062062e+01,-2.179430766719814727e+01,2.913562754020544787e+01
3.088667388316948870e+00,7.347891137822578855e+00,9.872609581086402741e+00,9.867098314937566172e+00,1.973795384737658054e+01,-1.362828867970525337e+01,-2.090548623880971135e+01
2.879299618272095795e+00,6.975713350624665132e+00,8.935977159792880542e+00,1.036743919967775440e+01,2.014527961137356726e+01,-1.402938165293911688e+01,-2.019713343290333185e+01
3.173354407780192510e+00,8.531767296673585577e+00,1.057063135660432707e+01,1.209579274220096501e+01,2.365150935886558514e+01,-1.685366960510349799e+01,2.352554677573923314e+01
3.136961785923856105e+00,7.786375870146367006e+00,1.058982845453613386e+01,1.074639163165378974e+01,2.249853256100491450e+01,1.709582520291701968e+01,-2.141598136698495836e+01
2.852101728560172855e+00,6.586184105620369600e+00,9.756864454636613004e+00,9.060523867059885106e+00,1.856515122434590026e+01,1.236255175407828943e+01,1.869281426466846696e+01
2.868119541920972182e+00,6.612843913269463414e+00,8.748710003528509915e+00,9.021782265193685646e+00,1.850815946983404459e+01,1.233072321070292254e+01,1.792110483094324636e+01
3.087035385846034430e+00,7.412658674889726740e+00,1.011730886885855973e+01,1.134087979667325108e+01,2.221827389631310723e+01,1.644460405447484419e+01,-2.222272719006162234e+01
3.162716009719170884e+00,8.837117585766437244e+00,1.089214693415472368e+01,1.045282620806858098e+01,2.112610952161038824e+01,-1.493447244392160655e+01,-2.234342921343834476e+01
3.173818184407871446e+00,7.933480862839745740e+00,1.079562553457833829e+01,1.298991532243140057e+01,-2.610974021576176085e+01,-1.719471724024662151e+01,2.488345030767130339e+01
3.075794458352417049e+00,7.570908360570514084e+00,1.029168184209272852e+01,9.548680288232366919e+00,-1.982927252880147151e+01,1.361271889213748665e+01,1.951466860799780179e+01
2.504983959851176945e+00,5.126054191386922199e+00,7.639873108224057852e+00,7.735044182872235830e+00,1.542250284678378414e+01,1.029807134087289633e+01,-1.895890343598271954e+01
2.784683093975569790e+00,5.753455198470717846e+00,9.783266779128700463e+00,1.003689527874796106e+01,1.994792788365407077e+01,1.291636199714104905e+01,2.112660734708023824e+01
2.665613282742617773e+00,6.054540484186962779e+00,8.036699442730508736e+00,7.590084325195718407e+00,1.551080978823111600e+01,1.066509615301915304e+01,-1.560794625717317885e+01
3.045924940356082633e+00,6.937603622139589810e+00,9.215575315927818423e+00,9.369156674487651770e+00,1.866252917373725140e+01,1.284316621057230279e+01,-1.982899512352593163e+01
2.871860868230965202e+00,6.141909760730535517e+00,8.556146927949416892e+00,8.647605886545774112e+00,1.724948634349852128e+01,1.171908620268576584e+01,1.961414977414679583e+01
2.671554890638641933e+00,6.287970036709396027e+00,9.299716049910530913e+00,7.890530973550036187e+00,-1.653628985173460819e+01,1.103466385523293347e+01,1.682663059614196754e+01
3.055734465676389622e+00,7.123228264001091325e+00,9.507964640796906508e+00,9.343452776550350336e+00,1.883445786733104299e+01,1.295223449275924033e+01,1.906192477838295929e+01
2.955879768491638693e+00,8.054088277766691562e+00,9.978849253983359091e+00,1.010188095267438158e+01,-2.081315253064712678e+01,1.414148168448138776e+01,2.015236227714656536e+01
3.139283690344793598e+00,8.219909682426530750e+00,9.949641580283632436e+00,1.016020605465614324e+01,2.030307432773503606e+01,1.588756860233146284e+01,-2.045389298885124418e+01
